53.315158155228346 54.0
27.0 26.37699602185775
98.0 97.85973702923732
18.0 17.071424646986195
54.0 53.1391152835535
17.144132513635483 18.0
112.0 111.46116628771821
49.756816972909476 50.0
17.54774013915278 18.0
72.78570733113924 72.0
26.0 26.52046790444608
90.0 89.82211513487434
50.0 49.70463146436285
179.28772321154787 180.0
72.37446484755876 73.0
32.2524744529531 33.0
89.76261324913006 90.0
27.0 26.812850028640344
111.0 111.11240536522051
26.0 26.02449468809938
21.531093825451816 22.0
111.0 111.57072643750645
53.51008042700814 53.0
27.0 26.87424855355904
26.33771143014514 27.0
50.0 49.74873935620482
179.351419827199 179.0
179.0 179.77791267124303
18.0 17.32823883327033
50.0 49.847553911280926
50.0 49.83060919521551
89.26239958017169 89.0
97.7457449981027 98.0
47.827609542012844 48.0
112.0 111.84821983179366
33.0 32.11399025412593
26.0 26.12834385131044
111.40542199458707 111.0
50.0 49.540061674710415
22.0 21.57555379208324
72.0 72.74910676056385
89.66159649639509 89.0
49.0 49.951547982555724
26.0 26.523212657525665
50.0 49.80987890118972
22.0 21.377150211449845
26.0 26.361226034790192
18.0 17.14356842408965
47.0 47.235434195830116
179.3343874167839 180.0
49.0 49.040885015291266
97.0944201395046 97.0
89.09940718159896 90.0
33.0 32.721183383201755
111.0 111.27075257792475
179.81159954134452 180.0
112.0 111.20359482820209
179.698203121054 179.0
26.0 26.341538417896313
48.0 47.00543115909282
111.64338538669593 111.0
49.63053031283919 49.0
97.87888891851748 97.0
21.612314003941293 21.0
26.32717508290025 27.0
97.7046893556924 97.0
89.0 89.89873585449224
111.42079362800267 112.0
49.99142781604216 50.0
49.00900544151978 50.0
112.0 111.25154559737805
21.683821149786677 22.0
179.0115543303667 179.0
72.8802842020338 73.0
72.8728097785481 72.0
111.98646504098801 112.0
17.814342193463506 18.0
47.329043995430474 47.0
179.57664884678437 180.0
21.0 21.09108985972751
179.5906216940921 179.0
179.36601494535867 179.0
32.38647256203222 33.0
17.0 17.48493339212703
27.0 26.813413833639466
32.50526041822896 33.0
72.0 72.29071683490946
49.61377775856487 49.0
179.98016368781674 180.0
21.566985486211706 22.0
72.42082773242427 73.0
21.20834757406923 21.0
21.11218357031112 21.0
111.624264379388 111.0
26.80009687379637 26.0
99.94405226946475 100.0
17.179400514034366 18.0
179.0922642435063 179.0
21.81490002258686 22.0
26.192134233637976 26.0
89.55911550788615 90.0
22.0 21.167219249697464
111.0 111.45404033059407
72.0 72.34742894523418
111.43304569657968 112.0
17.0 17.771319167370567
49.14413075776007 50.0
111.23086968001539 111.0
49.3634462047434 50.0
90.0 89.91573502777092
17.098506143085185 18.0
49.0 49.34134835925129
111.0774849265525 111.0
18.0 17.689621815299667
21.0 21.336065930465917
32.66290106029214 33.0
99.23974328366154 100.0
98.0 97.7568481364372
50.0 49.8888113330118
98.0 97.77642202880992
72.64058880858664 72.0
72.11735185611082 73.0
26.19741079215304 27.0
17.511089710460773 18.0
179.0 179.46991078749505
17.0 17.559280149237146
26.130714336446985 26.0
22.0 21.10284375848227
97.58304717373827 97.0
26.0 26.215031749630818
27.0 26.720896927155717
89.82299843348667 89.0
72.61946037211149 72.0
26.0 26.863265240603713
49.107405452715994 49.0
17.24010728163571 18.0
49.04339817216652 49.0
8.0 7.709306762018944
54.0 53.119620355632115
179.60628537484877 179.0
180.0 179.09440166761894
32.5234607051806 33.0
97.75232025840928 98.0
180.0 179.3351111920235
97.42765719048913 97.0
97.85581232867644 97.0
17.0 17.512483397070646
53.294315498634134 54.0
49.16429398515269 50.0
47.77534430258472 48.0
18.0 17.295867560449153
89.0 89.98038058805821
112.0 111.531271914613
180.0 179.8547081245544
97.8856476017243 98.0
179.0 179.67183648589773
17.0 17.369165753272565
179.0 179.5418507403014
32.01990502334439 33.0
179.66013566815292 180.0
26.34170702007584 26.0
48.0 47.07812212998115
180.0 179.78103096255091
180.0 179.32714241377292
73.0 72.48131930995179
73.0 72.73101035615076
179.0 179.98099210512996
179.0 179.74015141061483
111.13704082998848 111.0
21.0658629434917 21.0
32.75848173817798 33.0
97.0 97.11981333114304
179.36738328414276 179.0
72.41018124755858 72.0
179.02723853511174 179.0
32.44406583951308 33.0
111.0 111.0739315287372
97.0 97.6681407991147
50.0 49.325337644789556
72.96981285211935 73.0
48.0 47.26363882633871
111.52048576158943 112.0
72.0 72.50596287097427
33.0 32.48194452450677
179.31202593856216 180.0
50.0 49.2593097731959
8.0 7.814462380737696
26.695299847807604 26.0
32.52938795382702 32.0
47.802719138713314 48.0
179.0 179.48337032264777
26.248774502482767 27.0
48.0 47.81815704414175
90.0 89.09853935737513
50.0 49.781311370895835
89.0 89.96531535547373
22.0 21.383116495371343
33.0 32.96218463456011
179.4283977368601 180.0
111.37556568049736 111.0
180.0 179.67367044155276
72.06697613557446 72.0
49.66481902680435 49.0
53.506890566708904 54.0
72.10841900217952 72.0
17.50907328394752 17.0
27.0 26.68621061955128
100.0 99.87231480371261
89.0 89.94320866032976
98.0 97.05904424930884
97.0 97.17763888711464
89.0 89.20064306335252
73.0 72.81455309976029
99.0 99.62040149631571
26.0 26.926478727763637
89.73484547666192 89.0
47.0 47.104180283116506
90.0 89.75579484911458
180.0 179.96597663030934
21.04291542056682 22.0
72.23416509093065 72.0
26.608132678513442 26.0
21.224314185223538 21.0
50.0 49.47176594504668
97.0 97.44718519519662
72.0 72.72235574058514
49.0710490149637 49.0
72.0 72.15803142569327
26.543290331700877 26.0
21.0 21.723455098533996
100.0 99.56660596695914
26.5705139806449 27.0
18.0 17.27848228446362
33.0 32.513666786045846
48.0 47.87956059997935
32.0 32.73235358665968
21.0 21.722681642092
17.0 17.670164203712176
49.0 49.60267493004084
26.0 26.100672080964983
97.37328354652601 98.0
89.0 89.9457817595721
26.546414141579678 27.0
111.93602356651031 112.0
112.0 111.04453506705555
50.0 49.388175308714814
18.0 17.722319884937423
97.48885573080979 97.0
112.0 111.79793846334336
72.0 72.95830244609334
49.5318716493353 50.0
17.48546893346686 18.0
49.0 49.43828208616699
89.0 89.22678217826032
22.0 21.471810473355646
179.05658203187244 180.0
26.12606132773708 26.0
32.657850319705034 33.0
53.0 53.10011401681391
26.0 26.498813381090788
89.0 89.61256755620903
53.93933573153306 53.0
21.25674419111381 22.0
89.34765355697397 90.0
17.0 17.180642019982788
179.1472495744831 180.0
17.201008199144486 18.0
27.0 26.49178707795182
27.0 26.133205041094094
26.0 26.067047253011467
17.32756632592309 18.0
89.16909953508824 89.0
21.0 21.871179825150982
73.0 72.17136017064911
21.289234893713108 21.0
111.57840531011658 111.0
17.36302583820658 18.0
26.550031050394427 27.0
18.0 17.290655471392025
26.0 26.920227569181055
32.31362224241059 32.0
180.0 179.15134384702296
49.0 49.694350564868806
97.86108328674938 97.0
73.0 72.96845796471118
111.0 111.2248836514125
179.0 179.7497356539016
89.0 89.27838064448292
49.36850059240088 49.0
17.49263478137257 17.0
111.31699728197565 111.0
26.0 26.583432854900376
49.6004842546062 50.0
21.0 21.723990250565176
179.0 179.33460464790232
21.251864330563414 22.0
73.0 72.44347361764207
17.0 17.58912532644889
49.0 49.9309535908235
33.0 32.97394646800513
111.83150674761947 112.0
26.709844369744186 26.0
72.1387139041183 72.0
27.0 26.68003917804672
18.0 17.696056175608103
49.456072638130905 50.0
179.0 179.3811260026417
179.04818207082658 180.0
7.0 7.539621706436736
89.66064602458135 89.0
17.279694860308023 18.0
47.9799649641715 48.0
73.0 72.61020466616111
53.0 53.68077701863511
97.0 97.31534447765594
26.0 26.60048344889086
179.0 179.06064545949818
32.9812881472778 33.0
21.145691652130225 21.0
21.0 21.624004252715746
22.0 21.42316125077931
97.36404392589516 97.0
89.20732953119249 89.0
179.70406409441165 180.0
53.0 53.21211307405628
111.22767193522984 112.0
179.5784971758517 180.0
27.0 26.989255549415994
179.0 179.037127971094
22.0 21.227058085255695
49.53752012726491 49.0
180.0 179.738479454369
33.0 32.90090687128947
32.0 32.302226196361175
47.882216471305256 48.0
32.811561283928214 33.0
97.25018399775324 97.0
111.67140878716447 112.0
100.0 99.5056661895438
90.0 89.70268300441343
111.74332267687976 111.0
99.23624809578227 100.0
26.0 26.63419385307888
32.0 32.15678023809014
17.105645663986962 17.0
32.0 32.593185992251165
111.94074020066277 111.0
49.0 49.60915254319737
97.35166513349793 97.0
72.03888777346833 72.0
99.84293768118694 100.0
179.3084900878186 180.0
99.13338207380055 99.0
32.29880583197793 33.0
73.0 72.89843284492218
18.0 17.866657935445488
26.0 26.112973495223432
22.0 21.599857038520813
53.0 53.23105642895903
32.45242587669525 33.0
72.0 72.64906071476263
180.0 179.2903172586444
26.0 26.423243220284046
26.531376006831522 26.0
21.0 21.91893463862233
17.0 17.53201930084637
17.67935170194589 18.0
21.897486410297514 21.0
21.6796644280794 22.0
22.0 21.923791086086066
53.113949433960435 53.0
73.0 72.19030402962049
18.0 17.231864903889065
89.0 89.98956163363427
18.0 17.740238087151912
180.0 179.81354230687128
97.0 97.26333078267231
89.02078541676208 90.0
21.855941110170182 21.0
47.73298006378793 48.0
53.836285317208414 54.0
112.0 111.99081899021391
17.565467230891315 17.0
97.85708412177469 97.0
73.0 72.81867596417256
72.50724031513246 73.0
26.088171236976194 27.0
21.052394326716858 22.0
89.58943710372266 89.0
111.12528780149307 111.0
97.67184803797647 97.0
47.15871541417091 47.0
17.82390339412172 17.0
49.0 49.499124172783624
49.46022891688226 50.0
26.32329747538668 26.0
26.036707225922743 27.0
49.86475661424091 50.0
18.0 17.149120232521117
21.867608882973986 22.0
97.0 97.04677484093611
72.0 72.16037418443518
26.0 26.801434966107895
49.0 49.38931933597689
26.95424757245166 27.0
97.40337257479601 98.0
26.870526366119503 26.0
179.38902664581767 180.0
17.0 17.96834879064274
98.0 97.90408103190941
179.0 179.7424758778655
50.0 49.841686112900376
179.00294525581694 180.0
89.0 89.90296030092236
26.932187539931 26.0
17.0 17.291113936164656
32.0 32.315363841912045
89.45129158623341 90.0
98.0 97.16298459267477
111.05981890139724 111.0
26.52451171548989 26.0
111.0 111.37199706498212
179.51462749081 180.0
50.0 49.92399111675335
50.0 49.8465137017934
180.0 179.13822223511818
17.0 17.444762320634528
179.0 179.23695953412633
49.62704029817691 49.0
21.698984519505945 21.0
72.94660706943662 73.0
26.0 26.672893205866544
26.747910189803676 26.0
89.57310808534379 90.0
21.215125112415738 22.0
90.0 89.43774937203123
22.0 21.972889234158245
50.0 49.06481594768919
50.0 49.14513300326584
21.506045301571064 22.0
179.49613658159097 180.0
97.19211381618626 97.0
50.0 49.68938677865734
17.739566550194166 18.0
27.0 26.834326025178356
47.81094807164563 47.0
53.0 53.43816958644769
72.46287898747981 73.0
33.0 32.60480376473593
111.27387260552423 111.0
53.26796965994144 53.0
26.105416988540806 26.0
179.358675484387 180.0
89.09835956560985 90.0
49.0 49.08467355787903
48.0 47.27019276994867
49.298864857727715 50.0
21.7135696137908 21.0
72.53922189672757 72.0
89.0 89.7831306529155
49.42681668596511 50.0
33.0 32.41007010307219
21.61009292495547 22.0
90.0 89.50536043489655
97.0 97.54960916386081
17.44186368761658 18.0
98.0 97.56133000979186
21.470084488808258 22.0
97.0 97.68784539490699
180.0 179.64379900644562
26.19169336966781 26.0
18.0 17.83787377846425
72.0 72.57669920334541
21.943455498034737 21.0
22.0 21.140825138256705
89.0 89.21931552249364
111.40821577686968 112.0
89.15690911296295 89.0
26.267642419991123 27.0
17.40542205201913 18.0
72.7319488457448 72.0
32.36859256158622 33.0
21.970476359446707 22.0
18.0 17.511432631400325
72.9719146947181 73.0
72.56191514087358 72.0
89.93860304964197 90.0
32.26043865135995 33.0
26.217821045330435 26.0
26.19749330213298 26.0
97.4154802919734 98.0
72.68621821857434 72.0
32.90933266797144 33.0
32.0 32.79683793639776
32.247884241049064 32.0
49.55574325022143 49.0
27.0 26.240400986416013
26.090614669177693 27.0
32.97980141605804 32.0
27.0 26.252946130834417
179.79545198515555 180.0
21.0 21.874500465171142
50.0 49.96334292971449
26.364548149324957 26.0
50.0 49.89126315189383
26.072726532128012 27.0
17.184742522502546 17.0
26.022742640278686 26.0
22.0 21.370506560406525
97.1092879892848 97.0
49.0 49.921357653679536
97.51258931168394 98.0
18.0 17.4545865209502
18.0 17.55579047780178
22.0 21.03464384367577
21.0 21.586270004703415
73.0 72.22790274746748
72.13923191832477 72.0
21.47211225276916 22.0
21.136725073091025 21.0
179.434672686052 179.0
72.33671113102494 72.0
27.0 26.213288273642725
53.684550271915946 54.0
179.97543841243436 180.0
17.18938101496324 18.0
33.0 32.903984978718896
49.52559068517622 49.0
49.6143146602002 49.0
17.45690286636983 18.0
17.0 17.288366880137882
17.0 17.63560224504001
111.0 111.19911573445071
7.233404192443744 8.0
89.05879975409506 90.0
49.5723064489642 49.0
47.97641373362369 47.0
49.99913033529168 50.0
17.0 17.47118211797329
53.0 53.3730528797895
49.0 49.03211385419922
21.081444380887636 21.0
21.878272441163418 22.0
97.9709529992667 98.0
97.79424872034059 97.0
111.12618705659834 112.0
22.0 21.28181514384033
98.0 97.86439995548557
89.0 89.64292276008298
49.30464467148884 49.0
89.27227339231517 89.0
17.20910715398016 18.0
22.0 21.546726785927543
17.0 17.015017843979408
33.0 32.679531699797764
179.0 179.70798417523042
111.0 111.01328401428762
72.4154874537568 73.0
22.0 21.413507203556424
49.83136258454849 49.0
97.28917402773172 98.0
99.0 99.60279661891005
89.38542935964439 90.0
17.0 17.210494639803986
49.0 49.58216750871593
49.0 49.58238102146908
179.5183834719181 180.0
47.01138197676532 47.0
112.0 111.51201011780836
26.26892264157371 26.0
21.0 21.937509578393236
26.0 26.721208853679478
73.0 72.41741691677761
111.0 111.83993870812449
112.0 111.71031581718601
17.351578338547046 18.0
47.766607893566984 47.0
90.0 89.39035403659594
73.0 72.53257137898044
27.0 26.022529230129155
89.35388948597009 90.0
97.66914590157884 97.0
18.0 17.833917346223142
17.0 17.04620744352609
17.21774910336564 17.0
26.0 26.00333567895837
49.0 49.6860933623092
49.153972978542924 49.0
49.51101937676727 50.0
111.15615480297559 111.0
49.0 49.66958359908675
72.51431595664194 72.0
72.58404979604317 72.0
7.0 7.497760246033271
48.0 47.69396288396005
50.0 49.39017068832979
72.12048334436314 72.0
17.868368105564755 18.0
50.0 49.844434658198026
72.3655342340465 73.0
26.0 26.636155110428156
27.0 26.975869108856077
97.27684815198131 98.0
73.0 72.31756236006893
111.0 111.57294278335458
179.0 179.73393960250834
32.0 32.90377998168175
179.18869396078588 180.0
17.026011833214863 17.0
73.0 72.07699637490066
100.0 99.8838201660746
89.52294391480888 90.0
72.0 72.13164297480797
8.0 7.085709020442992
26.0 26.692983173635312
26.0 26.317831875641875
22.0 21.872447322710258
32.46573046806616 32.0
112.0 111.86757851315477
73.0 72.15875842041672
179.37063853329784 179.0
111.0 111.27978398458018
21.24724566762705 22.0
26.0 26.422591796856242
179.14800509804917 179.0
32.76685665083221 32.0
17.615788789810402 18.0
72.0 72.81518112521213
72.0 72.6489307885393
22.0 21.365713307206285
50.0 49.19636407457906
73.0 72.19593641522683
21.648284033496385 21.0
21.704273879486532 22.0
73.0 72.8782336752626
50.0 49.8657257070252
97.5207253686733 97.0
32.73603054537922 33.0
32.884850295574374 33.0
26.0 26.457909370853656
17.975965473463173 17.0
26.570730698741375 26.0
179.0 179.95676903716802
26.89420268272693 26.0
21.21208491149471 22.0
112.0 111.08095476391844
32.51533535314652 32.0
111.0 111.21418203068455
89.0 89.62641774913398
17.5791894663192 17.0
17.661469858640316 18.0
32.0 32.815553683680115
50.0 49.57458032704604
17.22129859076826 17.0
180.0 179.56271741937695
179.26624039487942 179.0
21.86981971143203 22.0
49.69463529835785 50.0
97.12564761165649 98.0
179.0 179.7550178793105
26.618672171941416 27.0
17.0 17.004094264237825
32.66107985123511 33.0
111.4490009833616 112.0
32.712660848687115 32.0
89.0 89.69094632275419
72.86541289363653 73.0
49.238286099678454 49.0
53.241378550017224 54.0
49.0 49.59562996711097
17.315052780980576 18.0
53.03571181233557 53.0
111.0 111.55272645048409
179.0 179.02377828649037
89.0 89.32685489927657
72.0 72.86574351431007
21.0 21.648356609026465
179.67484165221768 179.0
89.55605897131291 90.0
22.0 21.982520904049355
49.0 49.981898982329746
89.0 89.03496084880977
18.0 17.48332373874451
26.217449156871215 26.0
97.0 97.15632844272324
26.130881544213224 26.0
97.28373704784507 98.0
53.7917939309688 53.0
112.0 111.24686374692666
26.0 26.175282978112662
21.02365399205596 21.0
90.0 89.57873198371216
49.34097134010126 50.0
7.57535087579974 8.0
72.0 72.38824719651733
21.0 21.68213510844901
89.0 89.53891844888844
112.0 111.78398959649348
180.0 179.85094538814866
111.0 111.49120274054783
27.0 26.92354034144421
97.0 97.7457953814798
179.5700853843721 180.0
17.0 17.975527773988876
32.76960111856154 32.0
111.0 111.33068164343213
22.0 21.494086304555708
17.0 17.915397596692497
32.30706375419918 32.0
49.0 49.423694842609194
72.0 72.04577935721146
73.0 72.85834263190071
21.511193454681475 22.0
26.0 26.381497550427692
97.0 97.50263935449846
21.0 21.132707881935254
32.81832246282126 32.0
17.0 17.586526876576738
179.8520506902155 179.0
21.157178267290842 21.0
89.0124487778317 90.0
17.076035224460423 18.0
179.21302870117754 179.0
97.37095202352414 98.0
72.50988809266833 73.0
26.0 26.41645701799399
22.0 21.041525558979345
17.08988585797965 18.0
53.94768788273329 54.0
179.0 179.27252066538722
179.39888326958234 180.0
111.30632587179106 112.0
26.993880052019918 26.0
26.80316884770506 27.0
49.0 49.35449146728676
72.4542914662531 72.0
111.0500945231476 112.0
17.0 17.60889246711934
89.46836593151279 89.0
73.0 72.93935796468324
111.58917882915209 112.0
179.64570608993355 180.0
179.61093432956912 180.0
27.0 26.20003342938245
179.8737571680043 180.0
111.23884825511941 111.0
32.314257359182996 33.0
111.72250916328758 111.0
48.0 47.028290882459416
26.242741689138487 26.0
111.77647085382362 111.0
26.732747825697025 26.0
49.0 49.97701521405136
73.0 72.33554992295912
179.45224258896954 179.0
111.0 111.80551295142955
50.0 49.262230011042995
32.0 32.28782188712296
49.92882378578906 50.0
49.0 49.40105622311896
179.46308977936792 180.0
48.0 47.825786402303734
26.0 26.392181824207775
21.0 21.449664652937592
72.6799908649751 73.0
49.0 49.511199822366265
97.0 97.4750796483805
53.237013488604056 53.0
26.0 26.62582894953565
72.0 72.59487012667728
27.0 26.94235069972449
180.0 179.89615842339276
72.9889533484838 72.0
180.0 179.8194684303673
72.38239099395649 73.0
17.94089569468655 17.0
72.15953223958823 72.0
26.460606561032236 26.0
21.157888277361664 21.0
72.07784998908777 72.0
21.839044749393018 21.0
33.0 32.77864637731959
27.0 26.43818184642858
27.0 26.766593774758988
21.0 21.940171018676306
22.0 21.32661051461062
26.080882575815515 26.0
27.0 26.643375933164478
17.0 17.694310785751576
49.130713132139256 50.0
72.0 72.7976819554194
49.789131255928346 50.0
49.0 49.49965597248636
53.73930770000726 53.0
18.0 17.25031100405709
72.0 72.35078686624098
27.0 26.3380713856046
17.0 17.479570112145737
179.32186448267342 180.0
21.126228325859334 21.0
111.24514353528056 112.0
72.1686399631223 73.0
53.68200997477822 54.0
72.0 72.81035874064847
17.03169638615385 18.0
33.0 32.44059897137011
89.0 89.3783195633371
7.0 7.5535202860806505
50.0 49.41003565545156
21.141179997767516 22.0
32.0 32.93147886079086
27.0 26.06226359294545
50.0 49.409592845500754
17.799638063788688 18.0
22.0 21.99675316655131
111.19998733808578 111.0
111.59289778163688 111.0
26.53586146826897 27.0
72.0 72.46707999500192
111.0 111.42997370396488
180.0 179.45944519556124
98.0 97.95406289196329
22.0 21.074651964280886
17.36238729702329 17.0
22.0 21.332641395159385
111.0 111.8591911677604
111.0 111.84971075934632
179.0565411780386 179.0
26.0 26.234712746631818
33.0 32.3485808023376
49.29830470533115 50.0
26.0 26.576912820122015
49.0 49.48187181370613
17.0 17.98398776721434
49.27843887941629 50.0
26.0 26.203016761058855
179.0 179.60499297457437
17.0 17.755558471115307
48.0 47.936615843742636
32.12844236236331 33.0
17.49940468985982 17.0
53.167451402438836 53.0
21.45586672907262 22.0
26.65559750949392 26.0
49.48027004887139 49.0
26.309119108866483 27.0
73.0 72.3937577294348
18.0 17.419007631204863
26.0 26.660347511680673
179.90452914927087 179.0
111.27986450806748 112.0
17.620229343160485 17.0
179.52703059935126 179.0
21.0 21.075287906573173
49.1768936026815 50.0
26.765201932255685 26.0
179.0 179.26720439329813
18.0 17.157557596621054
47.45988127687466 47.0
97.0 97.18395616581705
27.0 26.91641724393437
26.0 26.061558825027827
72.0 72.68274077071898
27.0 26.297766049909313
21.0 21.15629763035724
49.0 49.96003226733227
48.0 47.44474961459165
89.0602520295777 90.0
49.31461804209535 49.0
111.0 111.17867493704472
180.0 179.038482440625
90.0 89.60972912492446
17.252113853942838 18.0
89.46552702435311 89.0
26.603845837974113 26.0
111.93642956981463 112.0
21.23619637065698 22.0
47.740537647295014 48.0
50.0 49.5999182985215
72.0 72.85122238265056
27.0 26.399749784228415
89.0 89.67229133528303
50.0 49.352931893073595
26.84152741395037 27.0
17.0 17.309174063753613
97.14915957376708 98.0
27.0 26.857586842861863
179.06718168457917 180.0
50.0 49.974674594820485
72.42902680343911 72.0
53.0 53.289705318155214
97.62298268189078 97.0
89.15060079339463 89.0
32.83505907822367 33.0
54.0 53.94971221432734
49.290662211105726 49.0
89.0 89.11243596250046
180.0 179.2474989229861
90.0 89.17968444761048
47.73440196604401 48.0
17.189391212234252 18.0
180.0 179.86347046635134
72.0 72.67240534091229
21.56267230857057 22.0
26.0 26.925008076350906
179.00995660793478 180.0
26.284947509225205 26.0
98.0 97.45800845556117
179.12456398495465 179.0
72.08799413076201 72.0
89.0 89.88077160348706
49.13336077319789 49.0
27.0 26.62529706358485
27.0 26.996789634538217
179.42570882804236 179.0
50.0 49.977854238563594
97.21825036159983 97.0
7.0 7.606313348218118
72.56650091983963 72.0
72.74184048869104 73.0
18.0 17.62660029676804
97.71396888800639 97.0
72.58222933232538 72.0
32.61486560011639 33.0
22.0 21.835016944264503
50.0 49.78191356227625
21.26045144608293 21.0
179.0 179.66671220466995
179.22712890407064 180.0
111.55786075052997 111.0
179.29784777446747 180.0
179.2022819515142 180.0
47.22670624132834 48.0
18.0 17.921910954102923
112.0 111.62760891291202
26.0 26.865230619931793
49.546563322927526 49.0
72.5973306235539 73.0
49.33824659494882 50.0
111.50169314383456 111.0
17.673904588926327 18.0
21.0 21.609591715455778
72.0 72.09811794987407
49.0 49.87805562404822
72.55128488980003 73.0
97.80436632822621 97.0
21.948324279919866 22.0
111.38830119073566 111.0
73.0 72.0858307639267
26.680326911444343 27.0
8.0 7.059502029199633
27.0 26.625234109402548
17.74188166318623 18.0
47.0 47.90224649692123
49.338835821915794 50.0
22.0 21.89263300971563
111.48146900550863 112.0
32.0 32.05957875458209
21.62651860718266 22.0
49.69835127874629 50.0
26.128883759239624 27.0
50.0 49.15844386099952
22.0 21.038241924603476
49.0 49.94243055114431
111.0 111.9067720998685
17.75126318986353 17.0
21.61460356509709 22.0
17.0 17.062980090863284
99.89115190361672 100.0
26.005851554868787 27.0
112.0 111.4556370099601
50.0 49.997397253188375
18.0 17.542754013751882
112.0 111.88646012861712
27.0 26.15964528976053
32.0 32.09982244340175
179.8236483014963 180.0
53.717764718605885 54.0
17.0 17.00479847578803
90.0 89.0319441816976
49.0 49.294326628143246
179.43427159072715 180.0
73.0 72.85421524322653
112.0 111.80042323596749
112.0 111.56996145433914
89.0 89.29698816270931
89.05165807057433 90.0
26.7251843979736 27.0
26.0 26.93680047623898
112.0 111.57298912782716
89.0 89.42909893957652
72.0 72.06289911829953
179.0 179.62233639871482
21.0 21.24784366281998
89.46707806534191 89.0
112.0 111.84897591813343
21.712827037160643 21.0
26.3427168806023 27.0
54.0 53.77988909527485
49.813646859564436 50.0