-0.13750973173655956 0.9905004157887767
0.9945640086489835 -0.10412700274215408
0.8561826951368803 -0.5166731970483353
-0.8216186147117036 -0.5700375881985512
0.9754089490145683 0.22040277262842078
-0.24869224418731878 -0.968582555945065
0.42576023318901707 0.9048360204118941
0.8124349411050619 0.583051855731216
0.8744038552630096 0.48519882306244916
-0.7897942788920215 0.6133718260805853
-0.9882821305335947 0.15263823396508153
-0.9991097999953124 0.04218539502395371
-0.9523842822772915 0.3049002769286512
0.6105614872319483 -0.7919688569060728
-0.9999683036277254 -0.007961892984029205
0.15176727904415865 -0.9884162549308527
-0.9602885053713298 -0.2790089361502557
-0.28199315549063003 0.9594164165035104
0.6745218429850126 -0.738254890492506
-0.4414496521928554 0.8972860216111733
0.4059582444615172 -0.9138916258253618
-0.6367517942244144 -0.7710688377518502
-0.459233272864484 -0.8883157102596883
-0.9425387972437727 -0.33409671607225117
-0.7226912521967466 0.6911710019946572
0.924688952849698 -0.3807234435620283
-0.8736355931799835 -0.48658077472199657
-0.8711754135809728 0.4909718920386594
-0.7644864149871072 0.6446398384370613
0.9307078609694441 -0.365763417429466
-0.9702450007188486 -0.24212525390814063
-0.980646811466403 -0.19578516583433253
0.5938522167079701 0.8045741387287004
0.8386824978217051 -0.544620664176035
-0.07132981354966383 -0.9974527846965842
0.46895042769598916 0.8832244880910791
0.04776825107209086 -0.9988584455214431
0.5492145718340452 -0.8356813711488048
-0.6912426978393782 -0.7226226765634595
-0.3923847811666468 -0.9198011652030034
-0.8767902373093206 -0.4808730391268212
-0.8149450929595775 0.5795381742914832
-0.3674321924368171 0.9300503125966217
-0.15797333658894036 -0.9874433780865399
-0.9485511885284507 -0.3166238189733422
0.541881885634687 -0.8404546519717742
0.48436798059008696 0.8748643662757566
-0.9716599927544955 0.23638286418506246
-0.6205714422885189 -0.7841499123356116
0.9999305672476418 -0.01178391631883311
0.001977124520390067 -0.9999980454874053
0.9599435619124417 -0.28019342951406667
-0.8420904538173712 -0.5393363214077592
0.4489475599877234 0.8935581057665302
-0.10054150189995988 0.9949328652706676
-0.9254690408100259 -0.37882324968535214
0.40443105766572296 0.9145684881928661
0.11299507554618489 -0.9935955479481136
-0.19129772734128625 -0.9815320573033053
0.3425948299974462 0.9394832528890661
0.6303813859534584 -0.7762855842042907
-0.30545996993303903 -0.9522049184752759
-0.5020458709936673 0.8648409931416353
-0.69208850380416 0.7218126508326931
0.3214800348789445 0.9469163570106035
0.9533862502359359 -0.30175264350302117
0.005614496637608344 0.9999842385895421
-0.964080719044118 0.26560942597614345
0.582342089796866 -0.8129438421262681
-0.9762622157279388 0.2165919807887067
0.3869409322438577 0.9221045032718658
0.6232859953578276 0.7819939692803277
-0.5970461085382324 -0.8022069211116003
0.4166602716334992 0.9090622740177366
0.8320544662413359 0.5546939383190027
0.8361976742184305 -0.5484281626901445
-0.6954861838161179 -0.7185394687286795
0.17617511528373847 0.9843588414570986
-0.48749980708337404 0.8731230944681702
-0.6409632168975625 -0.7675715957383573
0.5238450873823168 0.8518135502710747
0.8428027147574849 0.5382226156502656
0.6661653945886967 -0.7458040406517559
0.2990860210325549 -0.9542261534997425
0.9315364785895118 0.3636478915888996
0.09918629794159649 0.9950688811839313
0.7706078378284753 -0.6373096266943739
0.4188654535358333 -0.9080483091962788
0.3797774600904328 -0.9250778782390484
0.6112938307409777 0.7914037228229477
-0.051425510890350024 -0.9986768330294172
-0.10135614336090067 -0.9948502059119275
0.8235211587149082 -0.5672855552090632
-0.8959935567564025 0.4440670515260182
0.9998356375139481 -0.01813002915267912
0.8594604212232385 0.511202292982703
-0.9688492812121876 0.24765110598304907
-0.5882794856152287 -0.8086576820906866
-0.41044982526984763 0.9118831838212346
0.9949408110172172 0.10046284174958466
-0.6810262493757362 0.7322590031274573
-0.23883535048783497 -0.9710600781400464
0.859547381133602 0.5110560630560667
0.772933443036322 -0.6344871099053287
-0.5923818907858511 0.8056573064703006
-0.19425598166808072 0.9809508721573014
-0.9355640093513108 0.35315716672113623
0.5888179754243058 0.8082656690824012
0.7469922976083476 0.6648326912192283
0.08411829150626092 -0.9964557757542819
-0.6939570903129 0.7200163587061433
0.9378334786794962 -0.3470855316314913
-0.7642785711570097 0.6448862424259023
0.5983801851987229 -0.8012123026773503
0.29598519436052373 0.9551925275667534
0.979560580587667 0.2011493697697127
0.8645437968584784 -0.5025574825962957
-0.8395227518679236 -0.5433245338617692
-0.386333873995243 0.9223590070053134
0.8793702648568017 0.4761385694161715
0.7415490900802694 0.6708986115659538
0.9896950000568733 0.1431915041558875
0.8116029377354904 -0.5842094414327123
0.11438956621960272 -0.9934359703272734
-0.9780796185403494 0.20823126517399987
0.8407016628782052 0.5414985817468227
0.8534241480195834 -0.5212170599443653
0.09510851790042209 -0.9954669104610083
-0.983771553161651 0.17942555890929493
0.4250594448270508 -0.9051654370132122
0.0026818049176873305 -0.999996403954726
0.46945259116608445 0.8829576799866736
-0.9987000316532221 0.05097300045958763
0.8913400394187602 -0.45333534401032866
-0.904019945674991 -0.4274902780435904
0.23075218776493542 -0.9730125527667647
-0.3770829453009941 0.9261794925192025
-0.38682374474701403 0.9221536696776177
0.8168919375067221 0.576790744062796
-0.8644703251490865 -0.5026838538650636
0.9722877273522749 -0.23378745740554285
0.9255085167032574 -0.37872679534162407
0.832287660259406 -0.5543439821806704
0.7967516113427773 -0.6043069334557465
-0.702447101765612 -0.711735954705881
-0.7181998614576223 0.6958368767191433
0.9830973333733987 0.18308367790197097
0.9983836380636416 -0.05683406766022858
0.9345171466406331 0.35591811225989806
0.9738306517174927 0.22727485953242454
-0.5581010489212505 0.8297729925666416
0.08889531337387443 0.9960409746893752
0.4459920192330019 0.8950369371039777
0.24651859471400678 0.9691380616095063
-0.08785442144354856 0.9961333247275785
-0.9015760133994939 0.4326207254197093
-0.45657511527173084 -0.8896848678687335
0.6639531821456278 -0.7477741449921191
0.33225331310654616 -0.9431901907514324
0.27973700293342874 -0.9600766683915524
-0.4415054107492495 0.8972585871860668
-0.3129346847350984 -0.9497746485823596
-0.9161161451568872 0.40091296883848143
-0.8488654540959977 -0.5286089678036078
-0.4061463287663136 0.9138080540406971
0.9632850836282341 0.26848062808952533
-0.46947795165242706 -0.8829441958086827
-0.5779256333689098 0.8160894327799769
0.5594659058762377 0.8288533646925014
-0.7817283658632065 0.6236190840608078
0.4329924317679789 -0.9013975560382068
0.7594915234699178 0.6505171986791305
0.7391018474889236 0.6735936898742891
-0.9800966187223376 -0.19852107688867918
0.9635757878952067 0.2674354145997341
0.20832886077577445 0.9780588355348915
0.3625003980857625 0.9319836164802812
0.851954881808984 0.5236152016145446
-0.9453989013386204 -0.3259155064548625
0.4916469025295328 -0.8707946504389632
-0.7683391386159579 0.6400429423647196
0.7939297339422163 0.6080095209471984
0.31256878075406686 0.9498951296316431
-0.04875969482726646 0.9988105386710494
0.9995809223829633 -0.028947877435563978
-0.862137651437923 0.5066741260150378
0.28193378057042445 0.9594338660758582
0.30976230365558527 -0.9508140276804844
0.9562209248059429 0.29264576361749595
-0.8016366669347369 0.5978115541086219
0.9999576312655336 -0.009205198195754298
0.032966260330746976 0.9994564651248224
-0.36085561062145816 0.9326216962321939
-0.3993478257578704 -0.916799495016474
-0.6221822418954044 0.7828724403566705
0.5977902945765209 0.80165252055371
-0.20805968556867518 0.9781161317763162
-0.9197081698229739 -0.39260270294647215
-0.07949306093961793 0.9968354193458668
0.3818635471021768 0.9242187140469206
3.4106265396569144 2.088196378089345
3.9956112438518465 3.09358552834589
3.784898124766211 2.38037516694496
3.999991829412077 2.9959575862300354
2.141508175859039 2.4871727504479457
2.400231762238365 2.1998262307646526
3.8441655156150016 3.5360826263240193
3.9852309651010698 3.171230678927622
2.095967571982248 2.5725361195465424
2.590870320516163 2.087523750793779
3.663867918502162 2.252150157596054
3.843923955716531 2.463537180255926
3.0701278051289056 2.0024619852116903
2.0135183668963386 2.8361281367984934
3.1073690116198716 3.994219239073441
3.795691166247844 2.3942974591805433
3.917825233255748 2.603015313646696
3.174948613945628 3.9845775654962403
3.4585797314351634 2.111346732455873
2.348742835625694 2.2411428949722234
2.006097518037236 3.1102626697856426
3.963043372486746 3.269346361975346
3.938557021540218 3.3451242056384265
2.268192104611194 2.318489028520739
2.073197388509586 2.6244511758312257
3.7788987898131685 3.6271496434086377
2.9733025556595734 3.9996435597080042
2.601280399938246 3.917072887248661
3.933953185599454 2.6426046347409744
2.7737550685916377 3.9740704445839765
2.0018701490647883 2.938870623493674
3.999685906168831 2.974938295999602
2.3990167797017117 2.200738360159892
2.0472697316268866 2.6961825618472584
3.950160749276828 3.311760405654241
2.4129339246905 2.1904609810387763
3.6943665041870606 3.719621537937158
3.7124954360127553 2.2983232555791853
2.0113065126216743 2.8500493814094643
3.590171950344721 3.8072775662845513
3.728376452221382 3.6851771623816667
3.8926048010084338 3.4508399596494246
2.069013509948108 3.3650536335127463
3.9625422427752337 2.7288682407514324
3.6756602168504875 3.7372131790503698
2.726406397530223 2.0381546170576015
2.2849831879986042 2.3008927417374636
3.808713663916077 2.411797475527829
2.900608792190527 3.9950484349066504
3.398364968901528 2.0827730097996
2.5633625625178413 2.1003624350945467
2.2146909066319256 3.6191038910178266
3.5385945656978413 3.8425650679922314
2.136092588781831 3.5036506575418334
3.9067324356955044 3.421706402675722
2.0790477373068725 2.6103245839927687
3.701805582606875 3.7123685311844037
2.054558277390898 3.3257912662272173
2.7117256983624203 2.0424521280816474
2.1221439833176943 3.478924643315288
2.0022684704721123 3.0673186080214223
3.9892920541303676 2.8540505853574
2.858160527801443 2.0101103272957968
2.279856276002098 3.6938249179630507
2.325786716134366 2.2614633063556573
2.096226171177885 3.4280103577440793
2.006980454126981 2.882050088960853
2.114465259518535 3.4645731625916683
2.0213499976770195 2.794466126993067
3.9461239486632405 3.3238046845953257
3.668599310218789 2.2563771370009125
3.642277979779662 3.7664717846666997
3.556582371547198 2.1692075688338894
3.6604851945954637 3.750839069122134
2.135953932590059 2.496587253445629
3.9914454579780356 2.869478339518978
3.0987175656982067 3.9951154919016285
3.689321612726723 3.7244554604858946
2.6346949219088254 3.9308878557166813
2.596944738996682 2.0848243575260827
3.9819224190235505 2.8107161839487085
2.012385568156172 2.843099604800394
2.754233381911767 2.0306709694672955
3.505569946434436 2.1372143781551056
2.3653982999952565 2.227160636127345
3.7491976528802735 2.3376535069024
3.5548471675913325 3.831952294675528
2.12993564889902 2.507061844707441
2.641469861100681 2.066481848328146
2.1637561058400268 2.45164231611095
3.86896434521124 3.4948746980313308
2.783191267516335 2.023785897705413
3.3165261563411907 3.9485837824630314
2.92884563715845 2.0025346839871507
2.1290173267435892 2.5086862683710986
3.996273385877813 2.9137483878900885
3.0855859450156915 2.003669208537761
3.1351201188620945 2.0091707748160164
2.2457731980801054 2.3433860104553905
3.769033340946251 3.6392086674264106
3.1109988428560795 2.006179464448127
2.380731476491228 3.785179276211023
3.36528105620674 3.9308972821834254
3.9509251998234083 3.3094208531124094
3.143263688308978 3.989684553588722
2.00009945768924 3.0141033856448636
3.961151193547973 3.2760224323153952
3.363743558310097 3.931499127099918
3.9911594132866055 2.867323636417966
3.683667294304395 2.27020617247163
2.2349913229210663 3.6440199717353026
3.5249086873320596 3.851158545726549
2.0378867148042032 3.272650007243264
2.944477135390961 2.0015425840299415
3.7413723642700916 3.6710938961848587
3.053237071053914 2.0014180983686916
3.1057973650848183 2.005612290129695
3.9993052689778636 3.0372690138463487
3.1679070164429963 3.985802837198804
3.1911997462874435 2.018448851551985
3.9587795877875274 3.284150843817116
3.921257302612937 3.388953702106478
3.9439031587997015 3.3302223899252525
2.5775953561074183 3.9064073680293983
2.26890039206609 2.3177292595465615
2.3485209014836155 3.7586665830233192
3.997636507234664 3.0687124401591173
3.9344607251838206 3.356066220089646
2.566078601128159 3.9009507309509797
2.1921323564355295 2.410636045824323
3.9739960616057695 3.226564939865925
3.650514924368789 3.7594934714488786
3.9866319839253297 2.837035806707215
2.039142406520819 2.722957250494807
2.5977546226534978 2.084468101919234
3.4336018219916955 2.098895422292461
2.163280423323148 3.5476315823669315
3.647309607018535 2.237772820832588
3.288419589170836 3.957504120399764
3.721848305232652 3.692051316184535
2.4072249013853337 3.8053680416197135
2.0643284382122964 2.647127886534286
2.0699780187279386 2.6324961029447587
2.8200784558418026 2.016319036502317
3.953719754599995 3.3006969066780125
2.0221227144859926 2.7908206165135865
3.825058108870715 3.565047889109126
3.0048338085796678 3.999988317079062
3.9734428593857047 2.771069880725617
3.9934626813136234 3.114157351218159
2.2896461546372797 3.703844737409037
3.491234528727884 2.1289726538245235
2.5866406821361214 3.9105679954485053
3.7617319276868937 3.6478923292819645
2.3342891307893163 3.7462097819077123
2.7186373048364505 3.959601497378106
2.0005714471082943 3.0338018884796507
2.2637255812586736 2.323316927722348
2.340169772909779 3.751414713336162
3.500395289371024 3.8657970630438108
3.1247752934264144 3.992185026167172
3.159952190141061 2.0128752374349643
3.6782023512148174 2.265124792358122
2.0036041129145543 2.9151752618677294
2.9909011087382273 2.0000413957679015
2.0004421947736377 2.9702646000353443
2.4932557559116426 2.137903560450851
2.6584604736017714 3.9398674118766293
3.2899366247623933 2.042954152811167
2.3205590830507266 2.2662697768422437
3.971671070899463 2.7636626775621536
2.000002069760868 3.0020345804118285
3.2419060839585403 3.9702996684240617
2.007482979090967 2.8778936397813024
2.5851646054520163 3.9098964751169323
2.5465006791691307 2.1087433781418845
2.026387927527434 3.2282094045732452
2.414692698970361 3.810811546144602
2.1653151329939124 2.4492721427138173
3.437165560314037 3.8993810498755876
2.7144338449396623 2.041641000937511
3.9673030129746656 2.746376497362461
2.3680143642528746 2.225019899475282
3.917641699680838 3.397408745508781
3.6813983609826773 2.268087249974342
3.864503822470339 3.502626243777792
3.8938839498746978 2.551701567974626
3.4103437803709054 3.9119309085182463
3.9993928774542873 3.0348407303832707
2.6642599984024784 3.941954697067378
3.94681024922078 2.6782075949148516
3.502771475290882 3.8644193679192007
2.030018051752298 2.7568230683769688
3.5159033875485224 3.8566467735980563
2.022370907869628 2.7896637020855777
2.7102724644638436 2.0428908342554934
2.2527746269585953 2.3354292799986345
2.531313383428779 3.8833645088223894
3.649107556298806 3.7606966414779235
3.007708713427373 3.999970287427229