-0.13750973173655956 0.9905004157887767
0.9945640086489835 -0.10412700274215408
0.8561826951368803 -0.5166731970483353
-0.8216186147117036 -0.5700375881985512
0.9754089490145683 0.22040277262842078
-0.24869224418731878 -0.968582555945065
0.42576023318901707 0.9048360204118941
0.8124349411050619 0.583051855731216
0.8744038552630096 0.48519882306244916
-0.7897942788920215 0.6133718260805853
-0.9882821305335947 0.15263823396508153
-0.9991097999953124 0.04218539502395371
-0.9523842822772915 0.3049002769286512
0.6105614872319483 -0.7919688569060728
-0.9999683036277254 -0.007961892984029205
0.15176727904415865 -0.9884162549308527
-0.9602885053713298 -0.2790089361502557
-0.28199315549063003 0.9594164165035104
0.6745218429850126 -0.738254890492506
-0.4414496521928554 0.8972860216111733
0.4059582444615172 -0.9138916258253618
-0.6367517942244144 -0.7710688377518502
-0.459233272864484 -0.8883157102596883
-0.9425387972437727 -0.33409671607225117
-0.7226912521967466 0.6911710019946572
0.924688952849698 -0.3807234435620283
-0.8736355931799835 -0.48658077472199657
-0.8711754135809728 0.4909718920386594
-0.7644864149871072 0.6446398384370613
0.9307078609694441 -0.365763417429466
-0.9702450007188486 -0.24212525390814063
-0.980646811466403 -0.19578516583433253
0.5938522167079701 0.8045741387287004
0.8386824978217051 -0.544620664176035
-0.07132981354966383 -0.9974527846965842
0.46895042769598916 0.8832244880910791
0.04776825107209086 -0.9988584455214431
0.5492145718340452 -0.8356813711488048
-0.6912426978393782 -0.7226226765634595
-0.3923847811666468 -0.9198011652030034
-0.8767902373093206 -0.4808730391268212
-0.8149450929595775 0.5795381742914832
-0.3674321924368171 0.9300503125966217
-0.15797333658894036 -0.9874433780865399
-0.9485511885284507 -0.3166238189733422
0.541881885634687 -0.8404546519717742
0.48436798059008696 0.8748643662757566
-0.9716599927544955 0.23638286418506246
-0.6205714422885189 -0.7841499123356116
0.9999305672476418 -0.01178391631883311
0.001977124520390067 -0.9999980454874053
0.9599435619124417 -0.28019342951406667
-0.8420904538173712 -0.5393363214077592
0.4489475599877234 0.8935581057665302
-0.10054150189995988 0.9949328652706676
-0.9254690408100259 -0.37882324968535214
0.40443105766572296 0.9145684881928661
0.11299507554618489 -0.9935955479481136
-0.19129772734128625 -0.9815320573033053
0.3425948299974462 0.9394832528890661
0.6303813859534584 -0.7762855842042907
-0.30545996993303903 -0.9522049184752759
-0.5020458709936673 0.8648409931416353
-0.69208850380416 0.7218126508326931
0.3214800348789445 0.9469163570106035
0.9533862502359359 -0.30175264350302117
0.005614496637608344 0.9999842385895421
-0.964080719044118 0.26560942597614345
0.582342089796866 -0.8129438421262681
-0.9762622157279388 0.2165919807887067
0.3869409322438577 0.9221045032718658
0.6232859953578276 0.7819939692803277
-0.5970461085382324 -0.8022069211116003
0.4166602716334992 0.9090622740177366
0.8320544662413359 0.5546939383190027
0.8361976742184305 -0.5484281626901445
-0.6954861838161179 -0.7185394687286795
0.17617511528373847 0.9843588414570986
-0.48749980708337404 0.8731230944681702
-0.6409632168975625 -0.7675715957383573
0.5238450873823168 0.8518135502710747
0.8428027147574849 0.5382226156502656
0.6661653945886967 -0.7458040406517559
0.2990860210325549 -0.9542261534997425
0.9315364785895118 0.3636478915888996
0.09918629794159649 0.9950688811839313
0.7706078378284753 -0.6373096266943739
0.4188654535358333 -0.9080483091962788
0.3797774600904328 -0.9250778782390484
0.6112938307409777 0.7914037228229477
-0.051425510890350024 -0.9986768330294172
-0.10135614336090067 -0.9948502059119275
0.8235211587149082 -0.5672855552090632
-0.8959935567564025 0.4440670515260182
0.9998356375139481 -0.01813002915267912
0.8594604212232385 0.511202292982703
-0.9688492812121876 0.24765110598304907
-0.5882794856152287 -0.8086576820906866
-0.41044982526984763 0.9118831838212346
0.9949408110172172 0.10046284174958466
-0.6810262493757362 0.7322590031274573
-0.23883535048783497 -0.9710600781400464
0.859547381133602 0.5110560630560667
0.772933443036322 -0.6344871099053287
-0.5923818907858511 0.8056573064703006
-0.19425598166808072 0.9809508721573014
-0.9355640093513108 0.35315716672113623
0.5888179754243058 0.8082656690824012
0.7469922976083476 0.6648326912192283
0.08411829150626092 -0.9964557757542819
-0.6939570903129 0.7200163587061433
0.9378334786794962 -0.3470855316314913
-0.7642785711570097 0.6448862424259023
0.5983801851987229 -0.8012123026773503
0.29598519436052373 0.9551925275667534
0.979560580587667 0.2011493697697127
0.8645437968584784 -0.5025574825962957
-0.8395227518679236 -0.5433245338617692
-0.386333873995243 0.9223590070053134
0.8793702648568017 0.4761385694161715
0.7415490900802694 0.6708986115659538
0.9896950000568733 0.1431915041558875
0.8116029377354904 -0.5842094414327123
0.11438956621960272 -0.9934359703272734
-0.9780796185403494 0.20823126517399987
0.8407016628782052 0.5414985817468227
0.8534241480195834 -0.5212170599443653
0.09510851790042209 -0.9954669104610083
-0.983771553161651 0.17942555890929493
0.4250594448270508 -0.9051654370132122
0.0026818049176873305 -0.999996403954726
0.46945259116608445 0.8829576799866736
-0.9987000316532221 0.05097300045958763
0.8913400394187602 -0.45333534401032866
-0.904019945674991 -0.4274902780435904
0.23075218776493542 -0.9730125527667647
-0.3770829453009941 0.9261794925192025
-0.38682374474701403 0.9221536696776177
0.8168919375067221 0.576790744062796
-0.8644703251490865 -0.5026838538650636
0.9722877273522749 -0.23378745740554285
0.9255085167032574 -0.37872679534162407
0.832287660259406 -0.5543439821806704
0.7967516113427773 -0.6043069334557465
-0.702447101765612 -0.711735954705881
-0.7181998614576223 0.6958368767191433
0.9830973333733987 0.18308367790197097
0.9983836380636416 -0.05683406766022858
0.9345171466406331 0.35591811225989806
0.9738306517174927 0.22727485953242454
-0.5581010489212505 0.8297729925666416
0.08889531337387443 0.9960409746893752
0.4459920192330019 0.8950369371039777
0.24651859471400678 0.9691380616095063
-0.08785442144354856 0.9961333247275785
-0.9015760133994939 0.4326207254197093
-0.45657511527173084 -0.8896848678687335
0.6639531821456278 -0.7477741449921191
0.33225331310654616 -0.9431901907514324
0.27973700293342874 -0.9600766683915524
-0.4415054107492495 0.8972585871860668
-0.3129346847350984 -0.9497746485823596
-0.9161161451568872 0.40091296883848143
-0.8488654540959977 -0.5286089678036078
-0.4061463287663136 0.9138080540406971
0.9632850836282341 0.26848062808952533
-0.46947795165242706 -0.8829441958086827
-0.5779256333689098 0.8160894327799769
0.5594659058762377 0.8288533646925014
-0.7817283658632065 0.6236190840608078
0.4329924317679789 -0.9013975560382068
0.7594915234699178 0.6505171986791305
0.7391018474889236 0.6735936898742891
-0.9800966187223376 -0.19852107688867918
0.9635757878952067 0.2674354145997341
0.20832886077577445 0.9780588355348915
0.3625003980857625 0.9319836164802812
0.851954881808984 0.5236152016145446
-0.9453989013386204 -0.3259155064548625
0.4916469025295328 -0.8707946504389632
-0.7683391386159579 0.6400429423647196
0.7939297339422163 0.6080095209471984
0.31256878075406686 0.9498951296316431
-0.04875969482726646 0.9988105386710494
0.9995809223829633 -0.028947877435563978
-0.862137651437923 0.5066741260150378
0.28193378057042445 0.9594338660758582
0.30976230365558527 -0.9508140276804844
0.9562209248059429 0.29264576361749595
-0.8016366669347369 0.5978115541086219
0.9999576312655336 -0.009205198195754298
0.032966260330746976 0.9994564651248224
-0.36085561062145816 0.9326216962321939
-0.3993478257578704 -0.916799495016474
-0.6221822418954044 0.7828724403566705
0.5977902945765209 0.80165252055371
-0.20805968556867518 0.9781161317763162
-0.9197081698229739 -0.39260270294647215
-0.07949306093961793 0.9968354193458668
0.3818635471021768 0.9242187140469206
4.140518028939834 5.511166060515105
5.965014917502061 4.737805017213352
5.923642509046089 5.383255157151272
4.179756873430095 4.427984953594028
5.763599373387228 5.645690325901382
5.153557854728259 5.988139658778684
5.447244793616923 5.894411591261292
4.15372334157398 4.467256330489709
4.542053502070226 4.11102024486839
5.288618796023315 4.042555907333461
5.109215894187972 4.005981947620305
5.756470787147597 4.345972517250005
4.032409592254519 4.747475144116597
5.973779569679594 5.227493625569213
5.999968929663998 4.99211712573755
5.915129538834602 4.5968400724869
4.650433817555976 4.0630883264194475
5.790575545613214 4.3876354789193215
4.937889465199135 5.998069276887507
4.564713730099735 5.900292098841433
5.989679222420737 4.85669948810738
4.831360771544474 5.985677843225628
4.017654706579524 5.187076787695961
4.049314977879717 5.310158006048781
5.900035642846712 4.5641837065855535
4.11438001079132 4.535589368431322
4.247007893297504 4.341970451086171
5.96290629821249 4.7301640111795304
5.704297878777194 4.290095430392264
5.266149643352853 4.036068276617504
5.2365237128336775 5.971625716656044
4.144340860973127 5.517539793445674
5.558620363577459 4.170576531923175
4.901935155506909 4.00481997293226
5.738953961100124 5.673755922700822
4.015323831549662 4.825607215499142
4.4535870884731255 4.162484071723574
5.299744311851263 5.954019573967334
5.778693801565177 5.627404146785764
4.533919092880203 4.115257897453508
5.780665465804921 5.624949142330467
4.08690327372759 4.592256982315321
4.476684881288696 4.1478607587206335
5.53317592611741 5.846004392310608
4.716419521047956 4.041051559281038
4.288604326912667 5.70279171616676
5.990254581126882 5.139269036606214
4.090297543331433 5.415260689604943
5.517967550826596 4.144599733288154
5.649458868388134 5.760396724264384
5.859207771179936 4.488373177067498
5.5630344077930625 4.173566544940782
5.975527263646855 5.219878507093529
4.099588234608352 5.435038679595615
5.101951493929307 5.994789371116108
4.038039146427998 5.273187328027903
4.1464011606479225 4.479069081876697
5.865721297705942 4.499473642354033
4.919690908210657 4.003229991534671
4.508105108203603 5.87065459019327
5.163882555832486 4.0135201431890195
4.001443039895187 5.053702862365373
4.782651284905844 4.023905979914374
4.2811414575450115 4.304843617637377
5.914042531159335 4.594381643374174
5.866502421746578 5.499172868961562
4.719114728760632 5.959741352865858
5.56068996966068 5.828025819598584
5.783889112185418 5.620900845382866
5.7975825609120735 5.603209796446426
5.57369981519949 5.819065639640725
5.333503249099603 4.057251049939588
5.9997780910512155 4.978934182807488
4.145713971032411 5.519803213447923
5.75501492044644 5.655707610069652
4.073246971138592 4.624328835953295
4.755843618197174 5.969735871887265
5.330294381529042 4.05612203038192
4.195164867554322 4.406501550481261
5.378563811975303 4.074424805722016
4.001626218883341 4.942993042715611
4.2283405338794635 5.636035901774868
4.409475964180841 4.192979948749814
4.5614077842241265 5.898686190091296
4.033904492314324 5.258184953143198
5.315504627888782 5.948924037940214
4.937186487002212 5.9980252815359325
5.0876036168971215 5.9961554127276235
5.877184954528464 4.519847362238947
4.041842253969766 4.71375930806005
5.284021696768728 4.041182146722011
5.016721781322294 4.000139818759938
4.728207809898501 4.037644033945947
4.004755545440882 5.097408806939226
4.018223291850742 4.809961858208393
5.941183770482515 5.337895117130031
4.4145056671689 4.189323500881724
5.1823951366986 5.983225311975184
5.909105309822835 5.4165663640429065
5.383637700663075 4.07651631599148
5.178635655777827 5.983915292332031
4.112514978013371 4.53916343922233
5.891758956607946 5.452510732811397
4.10858805939261 5.453193945394869
4.007269841576137 5.120361258533345
5.386284447430804 5.922379707969054
5.177164883070787 4.015818815356383
4.022469317908048 4.789206818020972
5.483990334400238 4.1249266566697695
4.978077116523969 4.000240335290478
5.150748219881898 4.0114278103231715
4.132086366931937 5.496715135197827
5.877504609384051 5.479568202146205
5.660520047233838 5.750808409117938
4.544119677481495 4.109958915813195
5.6397622837695 5.7685728464277375
5.129495904262859 5.991579956826047
5.755687602842848 5.654932246045062
4.027322856318541 4.767838043254974
4.946123852782355 4.001452374315084
5.806955323232019 4.409387515956945
4.77215184881425 5.97369667761641
5.324169341409796 5.9459990687574376
4.825333367977924 5.9846276289329206
5.999481710313109 4.967808219223185
5.776214412963643 5.630469019942698
4.002400396082322 4.930753842970951
4.594711988076375 4.085810945487206
4.4986449682825675 4.134758338860401
4.073752877666312 5.376916792367444
4.4804626307165325 4.1455522708099615
5.686232570126133 4.272617803559861
4.691689524013389 5.951285787971685
4.2894176526825545 4.296385952612635
4.741728016960911 5.966072245112682
5.863201655577452 5.5048592891176185
4.6362523856400975 4.068502456767877
5.833320221500026 4.447209435283897
4.132951377993777 4.501776468764161
4.018278259488131 4.809678103712822
5.176657759191534 5.984272338388835
4.107593404729465 5.45123216720182
4.979824685747713 4.000203542367337
5.583150194370906 5.81236435840402
5.721319425718807 5.6926025455343705
5.626949765046581 5.779059684560841
4.000100506271884 4.985822466989772
4.231934432960802 4.359628791458614
4.498467866755135 5.8651390173393265
5.391103006300431 5.920346912018922
4.212562760739616 4.383605163692958
5.8874901065354095 4.539173231244357
5.314978344182797 4.050901141768749
4.001846061010547 4.939265215240029
5.888953595482769 5.457997276278208
5.849499786365232 5.527588962133804
5.838012440407987 4.454348875451127
5.290235183539322 4.043044651911127
5.949731705912643 4.686935011883696
5.980009516847398 5.198950614194905
5.985824417423947 4.8322197329518914
4.01193812207645 5.154057539231897
5.99791644667711 4.935480503323959
5.620508542880714 5.7841996864396545
5.637779151041257 4.229780710123998
5.983643593646946 5.180125735744012
4.624978633685602 5.927016167500698
5.002809552366048 4.000003946800037
4.164121893815092 5.548915104183453
4.7777793620555205 5.974996404132625
5.888433394319965 4.540994440276477
5.974506081322451 5.224361087235645
5.309472171037933 4.0490915000100856
4.082638549364201 4.601944766536877
5.168085172477746 4.014227523820468
5.091915105334733 5.995766846913124
5.768376347409305 5.6399982724523055
4.992683790453283 5.999973236180783
5.270835780914441 5.962625565719333
4.427169831658636 5.819674080496635
5.916170793590592 5.40078806989678
4.783783983620466 4.023654449356702
5.665166477742133 5.746695089637078
4.185504046086823 4.419830765156352
4.931322166772684 5.997638890191837
4.701160671102422 5.954303439951908
4.338602429342481 4.2499644984880165
5.861137214495136 4.491627402576064
4.996066796069516 4.000007735076495
4.139691892060416 4.490225579875361
4.208808607125792 4.388431377651068
4.841713782981603 5.9873932719550025
5.5757575449441665 4.182379519923904
4.028088740229093 4.764652378107345
4.728988082391552 4.037424007927586
5.272531422672907 4.0378531174213155
4.263541257652871 5.6764824615764145
5.101199745304956 4.005133872548567
4.919421510901761 4.003251733337526
5.487492618182198 4.12687289171744