-0.13750973173655956 0.9905004157887767
0.9945640086489835 -0.10412700274215408
0.8561826951368803 -0.5166731970483353
-0.8216186147117036 -0.5700375881985512
0.9754089490145683 0.22040277262842078
-0.24869224418731878 -0.968582555945065
0.42576023318901707 0.9048360204118941
0.8124349411050619 0.583051855731216
0.8744038552630096 0.48519882306244916
-0.7897942788920215 0.6133718260805853
-0.9882821305335947 0.15263823396508153
-0.9991097999953124 0.04218539502395371
-0.9523842822772915 0.3049002769286512
0.6105614872319483 -0.7919688569060728
-0.9999683036277254 -0.007961892984029205
0.15176727904415865 -0.9884162549308527
-0.9602885053713298 -0.2790089361502557
-0.28199315549063003 0.9594164165035104
0.6745218429850126 -0.738254890492506
-0.4414496521928554 0.8972860216111733
0.4059582444615172 -0.9138916258253618
-0.6367517942244144 -0.7710688377518502
-0.459233272864484 -0.8883157102596883
-0.9425387972437727 -0.33409671607225117
-0.7226912521967466 0.6911710019946572
0.924688952849698 -0.3807234435620283
-0.8736355931799835 -0.48658077472199657
-0.8711754135809728 0.4909718920386594
-0.7644864149871072 0.6446398384370613
0.9307078609694441 -0.365763417429466
-0.9702450007188486 -0.24212525390814063
-0.980646811466403 -0.19578516583433253
0.5938522167079701 0.8045741387287004
0.8386824978217051 -0.544620664176035
-0.07132981354966383 -0.9974527846965842
0.46895042769598916 0.8832244880910791
0.04776825107209086 -0.9988584455214431
0.5492145718340452 -0.8356813711488048
-0.6912426978393782 -0.7226226765634595
-0.3923847811666468 -0.9198011652030034
-0.8767902373093206 -0.4808730391268212
-0.8149450929595775 0.5795381742914832
-0.3674321924368171 0.9300503125966217
-0.15797333658894036 -0.9874433780865399
-0.9485511885284507 -0.3166238189733422
0.541881885634687 -0.8404546519717742
0.48436798059008696 0.8748643662757566
-0.9716599927544955 0.23638286418506246
-0.6205714422885189 -0.7841499123356116
0.9999305672476418 -0.01178391631883311
0.001977124520390067 -0.9999980454874053
0.9599435619124417 -0.28019342951406667
-0.8420904538173712 -0.5393363214077592
0.4489475599877234 0.8935581057665302
-0.10054150189995988 0.9949328652706676
-0.9254690408100259 -0.37882324968535214
0.40443105766572296 0.9145684881928661
0.11299507554618489 -0.9935955479481136
-0.19129772734128625 -0.9815320573033053
0.3425948299974462 0.9394832528890661
0.6303813859534584 -0.7762855842042907
-0.30545996993303903 -0.9522049184752759
-0.5020458709936673 0.8648409931416353
-0.69208850380416 0.7218126508326931
0.3214800348789445 0.9469163570106035
0.9533862502359359 -0.30175264350302117
0.005614496637608344 0.9999842385895421
-0.964080719044118 0.26560942597614345
0.582342089796866 -0.8129438421262681
-0.9762622157279388 0.2165919807887067
0.3869409322438577 0.9221045032718658
0.6232859953578276 0.7819939692803277
-0.5970461085382324 -0.8022069211116003
0.4166602716334992 0.9090622740177366
0.8320544662413359 0.5546939383190027
0.8361976742184305 -0.5484281626901445
-0.6954861838161179 -0.7185394687286795
0.17617511528373847 0.9843588414570986
-0.48749980708337404 0.8731230944681702
-0.6409632168975625 -0.7675715957383573
0.5238450873823168 0.8518135502710747
0.8428027147574849 0.5382226156502656
0.6661653945886967 -0.7458040406517559
0.2990860210325549 -0.9542261534997425
0.9315364785895118 0.3636478915888996
0.09918629794159649 0.9950688811839313
0.7706078378284753 -0.6373096266943739
0.4188654535358333 -0.9080483091962788
0.3797774600904328 -0.9250778782390484
0.6112938307409777 0.7914037228229477
-0.051425510890350024 -0.9986768330294172
-0.10135614336090067 -0.9948502059119275
0.8235211587149082 -0.5672855552090632
-0.8959935567564025 0.4440670515260182
0.9998356375139481 -0.01813002915267912
0.8594604212232385 0.511202292982703
-0.9688492812121876 0.24765110598304907
-0.5882794856152287 -0.8086576820906866
-0.41044982526984763 0.9118831838212346
0.9949408110172172 0.10046284174958466
-0.6810262493757362 0.7322590031274573
-0.23883535048783497 -0.9710600781400464
0.859547381133602 0.5110560630560667
0.772933443036322 -0.6344871099053287
-0.5923818907858511 0.8056573064703006
-0.19425598166808072 0.9809508721573014
-0.9355640093513108 0.35315716672113623
0.5888179754243058 0.8082656690824012
0.7469922976083476 0.6648326912192283
0.08411829150626092 -0.9964557757542819
-0.6939570903129 0.7200163587061433
0.9378334786794962 -0.3470855316314913
-0.7642785711570097 0.6448862424259023
0.5983801851987229 -0.8012123026773503
0.29598519436052373 0.9551925275667534
0.979560580587667 0.2011493697697127
0.8645437968584784 -0.5025574825962957
-0.8395227518679236 -0.5433245338617692
-0.386333873995243 0.9223590070053134
0.8793702648568017 0.4761385694161715
0.7415490900802694 0.6708986115659538
0.9896950000568733 0.1431915041558875
0.8116029377354904 -0.5842094414327123
0.11438956621960272 -0.9934359703272734
-0.9780796185403494 0.20823126517399987
0.8407016628782052 0.5414985817468227
0.8534241480195834 -0.5212170599443653
0.09510851790042209 -0.9954669104610083
-0.983771553161651 0.17942555890929493
0.4250594448270508 -0.9051654370132122
0.0026818049176873305 -0.999996403954726
0.46945259116608445 0.8829576799866736
-0.9987000316532221 0.05097300045958763
0.8913400394187602 -0.45333534401032866
-0.904019945674991 -0.4274902780435904
0.23075218776493542 -0.9730125527667647
-0.3770829453009941 0.9261794925192025
-0.38682374474701403 0.9221536696776177
0.8168919375067221 0.576790744062796
-0.8644703251490865 -0.5026838538650636
0.9722877273522749 -0.23378745740554285
0.9255085167032574 -0.37872679534162407
0.832287660259406 -0.5543439821806704
0.7967516113427773 -0.6043069334557465
-0.702447101765612 -0.711735954705881
-0.7181998614576223 0.6958368767191433
0.9830973333733987 0.18308367790197097
0.9983836380636416 -0.05683406766022858
0.9345171466406331 0.35591811225989806
0.9738306517174927 0.22727485953242454
-0.5581010489212505 0.8297729925666416
0.08889531337387443 0.9960409746893752
0.4459920192330019 0.8950369371039777
0.24651859471400678 0.9691380616095063
-0.08785442144354856 0.9961333247275785
-0.9015760133994939 0.4326207254197093
-0.45657511527173084 -0.8896848678687335
0.6639531821456278 -0.7477741449921191
0.33225331310654616 -0.9431901907514324
0.27973700293342874 -0.9600766683915524
-0.4415054107492495 0.8972585871860668
-0.3129346847350984 -0.9497746485823596
-0.9161161451568872 0.40091296883848143
-0.8488654540959977 -0.5286089678036078
-0.4061463287663136 0.9138080540406971
0.9632850836282341 0.26848062808952533
-0.46947795165242706 -0.8829441958086827
-0.5779256333689098 0.8160894327799769
0.5594659058762377 0.8288533646925014
-0.7817283658632065 0.6236190840608078
0.4329924317679789 -0.9013975560382068
0.7594915234699178 0.6505171986791305
0.7391018474889236 0.6735936898742891
-0.9800966187223376 -0.19852107688867918
0.9635757878952067 0.2674354145997341
0.20832886077577445 0.9780588355348915
0.3625003980857625 0.9319836164802812
0.851954881808984 0.5236152016145446
-0.9453989013386204 -0.3259155064548625
0.4916469025295328 -0.8707946504389632
-0.7683391386159579 0.6400429423647196
0.7939297339422163 0.6080095209471984
0.31256878075406686 0.9498951296316431
-0.04875969482726646 0.9988105386710494
0.9995809223829633 -0.028947877435563978
-0.862137651437923 0.5066741260150378
0.28193378057042445 0.9594338660758582
0.30976230365558527 -0.9508140276804844
0.9562209248059429 0.29264576361749595
-0.8016366669347369 0.5978115541086219
0.9999576312655336 -0.009205198195754298
0.032966260330746976 0.9994564651248224
-0.36085561062145816 0.9326216962321939
-0.3993478257578704 -0.916799495016474
-0.6221822418954044 0.7828724403566705
0.5977902945765209 0.80165252055371
-0.20805968556867518 0.9781161317763162
-0.9197081698229739 -0.39260270294647215
-0.07949306093961793 0.9968354193458668
0.3818635471021768 0.9242187140469206
1.0021632007169965 2.0657398052678198
1.2321744790070897 2.640659011730863
1.2755363624254024 2.6893130187601146
1.4060726594713158 2.804518684787696
1.9771924365514841 2.9997398736919227
2.927031959660722 1.6250176727262988
1.7099506561772126 1.0429883082490734
2.7142262687841088 2.699914878380743
2.9482399800317283 2.3175546256464035
1.3363788855868632 1.2519311418692354
2.205029655656168 2.978755761312041
1.5665029453382917 2.9011549831186776
2.343427442364726 2.939179211775273
1.7474683157104736 2.9675886256203587
2.532900297754722 2.846178038389634
2.72896112262935 2.684555097632731
2.7264394132172605 2.687230513673951
2.998059822650543 2.062262271166151
2.966979649496261 1.745146399946777
1.9255827239476175 1.0027728097244122
1.0006734865760372 1.9633050471058224
2.2094909616989367 1.0221894166217802
2.5064186437758673 1.1377122538060678
2.6410801043478833 1.232526026624155
2.468340201046055 2.8835482194448367
1.0017097163591355 1.94154908394009
1.0327864617050913 1.746035491969757
1.2445506788742406 1.3447929157811025
2.9586426225249953 1.7153874172170187
2.9873567045814307 1.8414858431618888
1.0589294302090995 1.6617897360022467
1.0007921087918281 2.0397943481831065
2.810953099526717 2.5851111606934283
1.5660970719458311 1.0990403732541514
1.2715491400352823 2.685098054745934
2.687346512196122 2.726329658056055
2.392116595005832 2.91991552651373
2.8729427666571796 1.5121773620044796
2.8718458860396856 1.5102196910903056
2.09146451593534 1.0041916638606032
2.1359170241269543 2.9907202241563824
2.8724600340621147 1.5113145296161001
2.7467780655531717 1.3349266801256703
2.849030904151901 1.4716568124835847
2.7626720831416938 1.3532146464271861
1.3045865765329032 1.2813901124658995
2.883177187649153 2.4690395028311936
2.90775954702587 2.41949088760471
1.7302783906727428 1.0370616564587771
2.5241469109205124 1.1483721377429665
1.169886103220599 2.557593865078982
2.9262897836488477 2.3768119381173722
2.9881492894757953 1.8465041312983281
2.369733252598903 2.9291379455832356
1.070553599634823 2.368957163974647
1.0743541097133245 2.378390916639641
2.4787560996151434 1.122052053319051
1.8315700626225782 1.0142863721166082
1.9146770778579736 2.99635335045211
1.8668530055298156 1.0089036989961286
1.6594509904084775 1.0597732337003838
1.5205134471088924 1.122450773120617
1.0670363244764414 2.3599705267845854
2.367645432558213 1.0700339598033244
1.0199319982561081 2.198662306333474
2.6569914077314776 1.2461019364880876
2.5555344460433296 2.8314935232816496
2.9978083135720786 2.066170759149676
1.422204208638461 1.1838186332163096
2.8474783970657587 1.4691701152847059
2.7309785437555947 1.3175995540967531
1.0252680430563403 1.776622265852696
2.050494630710268 1.0012756675291055
2.4205259929391048 2.9072804909522634
2.999727796879577 2.023330926820585
2.6822649040622926 2.7311050544790882
1.8159059950606473 1.0170913585966448
1.0457166782651013 2.298903566152376
2.4447510331735165 1.1043457595192834
1.6625284105010882 1.0586642860907283
1.1121878122723055 1.5397940468418894
2.258931804482348 1.0341043945500554
1.1404484844518938 1.4889508906974265
1.2535257382552654 2.665414289411231
1.7284507178978337 1.0375754640545587
1.3362255332435815 1.2520672107186153
2.997220595576578 2.07450559548044
2.8151813379767376 1.420794176294423
1.7065132509369363 2.9559631416139402
2.984393984402389 1.824021355067185
2.8060192610477017 1.4081106937778678
2.9265587127780717 2.3761501718397096
2.8542669982185567 1.4801655111916332
1.536974756322653 1.113654907094571
1.6705737599335053 2.944181313284505
1.694269003367937 1.0478820673370524
1.5128237459044143 2.8733036685170816
2.1175120696850094 2.9930714543668775
2.0574207863908094 1.0016499344967913
1.9970825389909517 1.0000042557984257
2.979988987957471 2.199051710573136
2.5423309709205153 1.1598350650137728
2.4074425836632467 2.91323082570499
2.272102360808425 2.962268312500459
2.9305951276794864 1.6339498554307066
1.1702440826786922 2.558126435201088
1.3185746374784908 1.2681123888789823
2.1719218257988864 1.014889404272811
2.31146287662047 1.0497416790749465
2.986370998274607 2.164536481555778
2.881790994463719 2.4716403736775354
1.9239405124533318 1.0028967183114188
2.404266273381843 2.914641339655035
2.9703976573364774 1.7584872950839308
1.8445156299410834 2.987838352498718
2.9744921898415697 1.7755785840482634
2.2691600969538674 1.0369045518704885
2.9458568030037933 1.6754157918021222
1.821035480524434 2.9838555284028647
1.8677311122345297 2.9912138726477173
2.921144026213234 1.6107781057395758
1.5605875949754302 1.1017145563293795
2.8691045188101465 2.494628482180094
1.5491718928211202 2.8926107873970093
1.9935802101317042 2.999979392936698
2.0045559885521027 1.0000103785697008
1.1565555270629269 1.4627836366305447
1.076114659300789 1.617330590141957
1.9895102283965327 2.999944980832299
1.8584633195739433 2.98993301192251
1.1113883811411038 2.4586604308515962
1.002421572221712 2.06955056025223
2.6083580319533515 1.2063372851406933
1.3898462885729779 2.792283060800766
2.824039215178532 1.433467236739172
2.9993692593599737 1.9644882632599088
2.7550500393132533 2.6556671702419257
1.4420534919050723 2.8298769150329925
2.9803542293774283 1.8027550128855263
1.1297276175563618 1.507429212847662
2.314779573816409 2.9491648012373615
1.8642478109391776 1.009257176071815
2.6073309661822357 2.7944489269400217
1.4571215556346335 2.8398112851369883
1.3482483039510016 2.758432414060247
1.0811558929523417 2.3946207127658043
1.5013742214221337 2.866817358465794
2.8203437221918817 2.5718707698950602
2.98754731318799 2.157322294081869
2.1908659505227335 2.98161611077399
2.311369012279425 1.0497109186188998
1.57944121784726 2.907265292378257
1.9676327546566057 1.0005239565507933
2.981616538432488 1.809136248921332
1.1967246601453163 1.404392135393309
1.1905605795346113 1.4127966071311784
1.4425730777444958 2.830226009195542
2.7669463877194707 2.6417111798652533
1.015698280094155 1.8235060222262667
1.2074566968213305 1.390184361805436
2.745402465665884 1.333385295557306
1.6619191894844672 2.9411170838748815
2.984019357984664 2.1780615149644897
1.6024522241296073 2.9175814764371086
1.9118885827853134 1.0038893745389423
1.1726264862081677 1.438347911358146
1.0047815776215594 2.097674417114042
1.1708946221616907 2.559092364855392
1.0617598445120393 2.345984697103683
2.7356423325732546 2.677370178356105
2.6153915028374097 2.788221604775912
1.0394649523771375 2.2781589874301122
1.7368704356847249 1.0352394948054449
2.9893576257863743 1.8544957447414385
1.0026286529797852 2.072459617326358
2.7253544653633868 2.688375551263549
1.7700137787141996 1.0268061148883647
2.9688670474186076 2.2475815914528985
2.7842755942423913 1.3795874015820249
2.1608375445943624 2.9869808935581563
1.0660202592422041 2.357325963028158
2.127859444957687 1.0082077020186575
1.1663345569830255 1.4477302026008376
1.327113315999441 2.739745571460034
2.2895918839040528 2.9571502185012033
1.6077395944755435 2.9198542135891907
1.8298625208212265 1.0145796642149643
1.4522727146268108 2.8366569313988363
1.5554581794453126 2.8957580978020374
2.313903458185507 1.0505450937831857
2.12975375065192 2.991546249144113
2.9916149687741562 1.870772473121905
2.290512392109078 2.9568712295973065
2.7526577150171994 1.3415879982677348
2.43158059698249 1.0979256193039082
1.097638647609593 1.5690197339643543
1.3075012311374672 2.721419056529474
1.1921567607899577 2.5893974048658737
2.8706809949215666 1.5081518475358568
1.0156158842569334 1.8239661604328843