-0.13750973173655956 0.9905004157887767
0.9945640086489835 -0.10412700274215408
0.8561826951368803 -0.5166731970483353
-0.8216186147117036 -0.5700375881985512
0.9754089490145683 0.22040277262842078
-0.24869224418731878 -0.968582555945065
0.42576023318901707 0.9048360204118941
0.8124349411050619 0.583051855731216
0.8744038552630096 0.48519882306244916
-0.7897942788920215 0.6133718260805853
-0.9882821305335947 0.15263823396508153
-0.9991097999953124 0.04218539502395371
-0.9523842822772915 0.3049002769286512
0.6105614872319483 -0.7919688569060728
-0.9999683036277254 -0.007961892984029205
0.15176727904415865 -0.9884162549308527
-0.9602885053713298 -0.2790089361502557
-0.28199315549063003 0.9594164165035104
0.6745218429850126 -0.738254890492506
-0.4414496521928554 0.8972860216111733
0.4059582444615172 -0.9138916258253618
-0.6367517942244144 -0.7710688377518502
-0.459233272864484 -0.8883157102596883
-0.9425387972437727 -0.33409671607225117
-0.7226912521967466 0.6911710019946572
0.924688952849698 -0.3807234435620283
-0.8736355931799835 -0.48658077472199657
-0.8711754135809728 0.4909718920386594
-0.7644864149871072 0.6446398384370613
0.9307078609694441 -0.365763417429466
-0.9702450007188486 -0.24212525390814063
-0.980646811466403 -0.19578516583433253
0.5938522167079701 0.8045741387287004
0.8386824978217051 -0.544620664176035
-0.07132981354966383 -0.9974527846965842
0.46895042769598916 0.8832244880910791
0.04776825107209086 -0.9988584455214431
0.5492145718340452 -0.8356813711488048
-0.6912426978393782 -0.7226226765634595
-0.3923847811666468 -0.9198011652030034
-0.8767902373093206 -0.4808730391268212
-0.8149450929595775 0.5795381742914832
-0.3674321924368171 0.9300503125966217
-0.15797333658894036 -0.9874433780865399
-0.9485511885284507 -0.3166238189733422
0.541881885634687 -0.8404546519717742
0.48436798059008696 0.8748643662757566
-0.9716599927544955 0.23638286418506246
-0.6205714422885189 -0.7841499123356116
0.9999305672476418 -0.01178391631883311
0.001977124520390067 -0.9999980454874053
0.9599435619124417 -0.28019342951406667
-0.8420904538173712 -0.5393363214077592
0.4489475599877234 0.8935581057665302
-0.10054150189995988 0.9949328652706676
-0.9254690408100259 -0.37882324968535214
0.40443105766572296 0.9145684881928661
0.11299507554618489 -0.9935955479481136
-0.19129772734128625 -0.9815320573033053
0.3425948299974462 0.9394832528890661
0.6303813859534584 -0.7762855842042907
-0.30545996993303903 -0.9522049184752759
-0.5020458709936673 0.8648409931416353
-0.69208850380416 0.7218126508326931
0.3214800348789445 0.9469163570106035
0.9533862502359359 -0.30175264350302117
0.005614496637608344 0.9999842385895421
-0.964080719044118 0.26560942597614345
0.582342089796866 -0.8129438421262681
-0.9762622157279388 0.2165919807887067
0.3869409322438577 0.9221045032718658
0.6232859953578276 0.7819939692803277
-0.5970461085382324 -0.8022069211116003
0.4166602716334992 0.9090622740177366
0.8320544662413359 0.5546939383190027
0.8361976742184305 -0.5484281626901445
-0.6954861838161179 -0.7185394687286795
0.17617511528373847 0.9843588414570986
-0.48749980708337404 0.8731230944681702
-0.6409632168975625 -0.7675715957383573
0.5238450873823168 0.8518135502710747
0.8428027147574849 0.5382226156502656
0.6661653945886967 -0.7458040406517559
0.2990860210325549 -0.9542261534997425
0.9315364785895118 0.3636478915888996
0.09918629794159649 0.9950688811839313
0.7706078378284753 -0.6373096266943739
0.4188654535358333 -0.9080483091962788
0.3797774600904328 -0.9250778782390484
0.6112938307409777 0.7914037228229477
-0.051425510890350024 -0.9986768330294172
-0.10135614336090067 -0.9948502059119275
0.8235211587149082 -0.5672855552090632
-0.8959935567564025 0.4440670515260182
0.9998356375139481 -0.01813002915267912
0.8594604212232385 0.511202292982703
-0.9688492812121876 0.24765110598304907
-0.5882794856152287 -0.8086576820906866
-0.41044982526984763 0.9118831838212346
0.9949408110172172 0.10046284174958466
-0.6810262493757362 0.7322590031274573
-0.23883535048783497 -0.9710600781400464
0.859547381133602 0.5110560630560667
0.772933443036322 -0.6344871099053287
-0.5923818907858511 0.8056573064703006
-0.19425598166808072 0.9809508721573014
-0.9355640093513108 0.35315716672113623
0.5888179754243058 0.8082656690824012
0.7469922976083476 0.6648326912192283
0.08411829150626092 -0.9964557757542819
-0.6939570903129 0.7200163587061433
0.9378334786794962 -0.3470855316314913
-0.7642785711570097 0.6448862424259023
0.5983801851987229 -0.8012123026773503
0.29598519436052373 0.9551925275667534
0.979560580587667 0.2011493697697127
0.8645437968584784 -0.5025574825962957
-0.8395227518679236 -0.5433245338617692
-0.386333873995243 0.9223590070053134
0.8793702648568017 0.4761385694161715
0.7415490900802694 0.6708986115659538
0.9896950000568733 0.1431915041558875
0.8116029377354904 -0.5842094414327123
0.11438956621960272 -0.9934359703272734
-0.9780796185403494 0.20823126517399987
0.8407016628782052 0.5414985817468227
0.8534241480195834 -0.5212170599443653
0.09510851790042209 -0.9954669104610083
-0.983771553161651 0.17942555890929493
0.4250594448270508 -0.9051654370132122
0.0026818049176873305 -0.999996403954726
0.46945259116608445 0.8829576799866736
-0.9987000316532221 0.05097300045958763
0.8913400394187602 -0.45333534401032866
-0.904019945674991 -0.4274902780435904
0.23075218776493542 -0.9730125527667647
-0.3770829453009941 0.9261794925192025
-0.38682374474701403 0.9221536696776177
0.8168919375067221 0.576790744062796
-0.8644703251490865 -0.5026838538650636
0.9722877273522749 -0.23378745740554285
0.9255085167032574 -0.37872679534162407
0.832287660259406 -0.5543439821806704
0.7967516113427773 -0.6043069334557465
-0.702447101765612 -0.711735954705881
-0.7181998614576223 0.6958368767191433
0.9830973333733987 0.18308367790197097
0.9983836380636416 -0.05683406766022858
0.9345171466406331 0.35591811225989806
0.9738306517174927 0.22727485953242454
-0.5581010489212505 0.8297729925666416
0.08889531337387443 0.9960409746893752
0.4459920192330019 0.8950369371039777
0.24651859471400678 0.9691380616095063
-0.08785442144354856 0.9961333247275785
-0.9015760133994939 0.4326207254197093
-0.45657511527173084 -0.8896848678687335
0.6639531821456278 -0.7477741449921191
0.33225331310654616 -0.9431901907514324
0.27973700293342874 -0.9600766683915524
-0.4415054107492495 0.8972585871860668
-0.3129346847350984 -0.9497746485823596
-0.9161161451568872 0.40091296883848143
-0.8488654540959977 -0.5286089678036078
-0.4061463287663136 0.9138080540406971
0.9632850836282341 0.26848062808952533
-0.46947795165242706 -0.8829441958086827
-0.5779256333689098 0.8160894327799769
0.5594659058762377 0.8288533646925014
-0.7817283658632065 0.6236190840608078
0.4329924317679789 -0.9013975560382068
0.7594915234699178 0.6505171986791305
0.7391018474889236 0.6735936898742891
-0.9800966187223376 -0.19852107688867918
0.9635757878952067 0.2674354145997341
0.20832886077577445 0.9780588355348915
0.3625003980857625 0.9319836164802812
0.851954881808984 0.5236152016145446
-0.9453989013386204 -0.3259155064548625
0.4916469025295328 -0.8707946504389632
-0.7683391386159579 0.6400429423647196
0.7939297339422163 0.6080095209471984
0.31256878075406686 0.9498951296316431
-0.04875969482726646 0.9988105386710494
0.9995809223829633 -0.028947877435563978
-0.862137651437923 0.5066741260150378
0.28193378057042445 0.9594338660758582
0.30976230365558527 -0.9508140276804844
0.9562209248059429 0.29264576361749595
-0.8016366669347369 0.5978115541086219
0.9999576312655336 -0.009205198195754298
0.032966260330746976 0.9994564651248224
-0.36085561062145816 0.9326216962321939
-0.3993478257578704 -0.916799495016474
-0.6221822418954044 0.7828724403566705
0.5977902945765209 0.80165252055371
-0.20805968556867518 0.9781161317763162
-0.9197081698229739 -0.39260270294647215
-0.07949306093961793 0.9968354193458668
0.3818635471021768 0.9242187140469206
0.017315959458446994 1.1852891698533066
1.7121670236226227 0.297989935638744
0.039215198940278806 1.2772950884033685
0.39408576937560547 1.7955299775161513
1.589476405534276 1.8077855948940842
0.37726119312468454 1.7824297913624638
1.5731847342968894 0.1805738225019874
0.10958917428330672 0.5448422675088158
0.12562704680797498 0.5147454907718457
0.010685102552600578 0.8542055087164072
0.04093707804733937 0.7168069355799391
0.6039025907272348 0.08179150386886336
0.6885995327660586 1.9502787743638614
0.0015330174368215488 0.9446494378422277
0.8094163077585819 1.9816709511091934
0.31188998691946745 1.7256063739372123
1.209806456916756 1.977742936888852
0.34522227042459175 0.2441785099297099
0.043301130031277446 0.7089205053588121
0.7835064594652359 1.9762840503187187
1.2426052995071284 1.970125078869244
0.6893148215350451 1.9505128720234142
1.7074225926287363 0.2932091713679096
1.2913223736480062 0.043375060636567264
1.0276731777704202 1.9996170242808426
0.3669346156780089 0.22590167344629286
0.18483416779060013 0.42077235390707
1.2702823108366212 1.962781113467031
0.0010436631207192404 1.045675343553486
0.061376102105969554 0.6550577174334572
0.9304324677646935 1.9975772443568918
0.40135939100641926 0.19898225908298706
1.460968854644903 1.887416314391034
1.9318238073416056 0.6370890025482915
1.5230968547110795 0.14772675708351868
0.8164433732883632 1.9830091376941748
1.314589057873852 0.05077203756629556
1.2749530194487562 0.038542337335641275
1.0618534610792456 0.0019147584737472245
0.10518450635961263 1.4464361458720718
0.5245410104407535 1.8797378866726726
1.549189105762307 1.8356981070410519
0.31776235886596704 0.26886950479420546
0.124006364836734 1.4823226629067379
0.13309851314926258 1.4984795001762667
1.8010965330085136 0.4014648341143694
1.3795629884395741 1.925165897451273
0.12961280286599786 1.4923678777755671
0.06902798145529576 1.3650905376571665
1.9837778530770596 1.1793910136965942
0.9473918083097923 0.0013847697100317635
0.7250718461303587 0.038535226745238016
1.089217855762159 1.9960121355752662
1.302493375649091 1.9531514872717861
0.15509416785772379 0.4650849274772977
0.5667170900505117 0.09874203473938514
1.792906115626386 1.6093438206811295
1.447422266811444 1.8943228249135258
1.5383018266541408 1.8427521245424512
1.4148162143524878 1.9099052194103905
0.7847116475399073 1.9765505236776124
1.9782462084305688 1.2074472359208872
1.4269601669759402 1.9042704328992945
1.4398045186340713 1.8980935281968425
1.080152244274759 0.0032173668558830304
1.3173464655611375 0.05169033496655018
0.4033671007643518 1.802514288688784
0.17152600639100113 1.5600275367457894
0.37310333170259735 0.22089758871017717
1.9946864355821252 1.1029509342790373
0.27432682512158635 1.6880395651863949
0.43331584006739654 0.1760648915833969
1.5644954803311766 0.17456384093881971
0.41850141598441803 1.8135474152056985
0.04705306331652426 1.3031371568540875
1.003447046084421 1.9999940589189977
1.6191215449333907 1.78529517545907
0.09930210733493472 1.4344459760991124
1.213568191693369 1.976928158820711
1.0408966275788323 0.0008366170376947757
0.4337568822842246 0.1757617264167366
1.9738144676354252 1.2273441941724779
0.6112476128905835 0.07865772835675755
1.967880708333738 1.251409893272682
0.6109054110246098 0.07880219234408059
0.02013165918486237 0.8003552287982747
1.6980238701059518 1.716074491070803
0.07727307929730953 1.3854543161135062
1.9988208000524201 1.0485490410064207
0.6199474485732563 0.07503510436664551
0.060568792540480865 1.3427375183010315
1.9817662490896608 1.1900921675093896
0.24813379506896738 1.6593157133593939
1.7154955401843108 0.30138269991621236
1.9982329115495951 0.940577325041546
0.10968045504758694 1.4553362580288638
0.5725124958947951 0.0959787425984373
1.3617549146340275 0.06772676658710863
1.8328266330506224 1.5535339188175952
0.046783560899408716 1.3022886372796516
1.8097855434031223 0.41327402162908267
1.9982418998867542 0.9407285118249643
0.3346927510271175 0.2534303351567685
0.24576894650136127 1.6566091058905088
0.2618704881077728 0.32534095746537095
0.9268007036619508 0.00268266684288776
0.8134280709576686 0.01755869626047213
0.02740473622246653 0.7674952626772732
0.17400021071865146 1.563670425077605
0.8552549923820603 1.9894689903022138
1.2776929138198625 0.03933010580416629
1.959975085860242 1.2800854057740623
1.995511516281277 0.9053595173757418
0.2610959542768825 0.3261893357819208
1.9959545633223694 0.9101417349524912
0.4590974959597818 0.15891470044767653
1.5852712357165553 1.8108375796932554
1.108058826296413 1.9941445015989585
1.9686310900830362 1.2485031414782295
1.658589322838606 1.7525025606886575
0.9607416042617632 0.0007709079675172203
0.00022583581813362397 0.9787486321745978
0.1455987328972035 1.5196137746183562
0.01553164824419595 1.1755621382622417
0.13321521324064178 0.5013176026341677
1.9964492225907504 0.9158041165003354
1.6027264540461659 1.7979478815016274
1.732828979567833 1.6804128795853062
0.3220886708116574 1.7351436796695558
1.2644902663322475 1.9643883548734382
1.434795665905298 1.9005291382903544
1.4539366054203517 1.8910339826625289
0.050909471519756555 0.6849965575599335
0.009527377886961563 1.1377097848539535
0.7084338192226592 0.04344934152606683
1.5620166397020938 0.17287407446147174
0.5777087102900796 0.09353981519587296
1.9675280697886546 1.2527635934446268
0.15931405967404932 1.5415229909600072
0.02079273208438115 0.7971376662334049
0.20256139868174117 0.39659990294367775
0.04750683770612241 1.304559970750276
0.08537080424268728 1.4042937475009123
0.30317988482081126 1.7172459320774585
0.01826818797813945 0.809730062111025
1.1209527300054813 0.007341731961990283
0.0517086002546262 1.3174010415372948
1.8887241142344489 1.458442415989396
1.9996374677938773 1.0269245795258757
0.010053189285223363 1.1414401355897332
1.0146221240593711 1.9998930910292323
1.7191590177058054 0.30515447238078797
1.618168984374206 1.78604523200498
0.383954681896977 1.787710712154751
0.6438831656233232 1.9344414375837227
1.441565309373233 1.8972291109622565
0.38772625937014615 0.2093541459445155
1.6066059756067452 1.7950026354410336
1.9871665904311295 1.1596938406344415
1.8493023958928305 0.4720933412707339
1.9053737607660604 0.5753844641133339
0.1129591212684592 1.4616908916788114
0.4278070749947366 0.17988094975551205
0.11370568915021995 0.5368775598663854
1.9902718134274469 0.8608535464659055
0.2777941160006413 1.6916781485031205
0.005918391005023671 1.1086358810796832
0.18014208593375458 0.42743297270717284
0.22828020772517588 0.36403729495252446
0.0016632396465172672 1.0576516515540786
0.030833787069348695 1.2464078970196766
1.8868076069737505 1.462138797563557
1.985793313902073 1.1679629193184289
1.6934219419105871 0.2794682446436173
1.728181359890296 1.685384495818456
1.3924895855094537 1.9197564488855825
1.9861310566083676 0.8340315114473105
0.6594748361849081 0.05976459713074789
1.604604476808886 1.7965258480568305
1.8439976022777125 0.46365305319273753
0.27798978352583015 1.6918823941299002
0.06384035277708633 0.6484248090216407
1.1325957764159815 1.9911701973307325
1.1428470475367871 0.010255224307790134
1.3345097986433156 0.05760772784810653
1.513057071501418 1.8583544963372587
0.7429736356391066 1.966404391558431
1.922912012205553 1.3850109319573891
0.11955731071906106 1.4741525818676389
1.6793354431225123 1.7338278788091523
0.9954786346617178 1.0221424499912146e-05
1.9962336199309916 0.9132902859006392
1.6026439487377195 1.798010194828242
0.5402361898668816 1.8880412371573057
0.5950616497086672 0.0856560097734913
0.5171605506784159 1.875708893513609
1.6637727175896093 1.7479343416261246
0.04238078037685811 1.2880372028199911
0.1283848539142859 1.4901908170437093
0.46579912873301743 0.1546424252793397