3.0 3.0080120327506266
4.0 3.1052587441400763
3.0 3.8661205737012665
3.0 3.9872983367770956
3.9206343185178936 3.0
3.0 3.8059476117684694
4.0 3.577281154345796
4.0 3.262671280762482
3.6240785724523135 4.0
3.089012011003268 3.0
4.0 3.209158380975479
4.0 3.976138097847585
3.6299493060588226 4.0
4.0 3.9726287870923085
3.786588098904926 4.0
3.502255923559825 4.0
3.0686801303440174 3.0
3.0 3.352098312080968
3.9181774312583553 4.0
3.8894382643985566 4.0
3.0 3.9420931916287967
3.2012258175569683 3.0
4.0 3.838772377649537
3.2636178279829706 4.0
4.0 3.724141241330412
3.5128124247298507 3.0
3.0 3.336987482891823
4.0 3.370913514653725
3.0 3.835922158180196
3.7304044857887506 3.0
4.0 3.19697857200017
3.77906477672846 3.0
3.4161391427161893 3.0
4.0 3.496682473263835
4.0 3.148455538874389
3.3733931647403366 4.0
3.0 3.001236501021241
3.208113622819967 4.0
3.0 3.553141435398005
3.998303488507177 4.0
3.0 3.533903262818801
3.0 3.9199770424327913
4.0 3.0488710649389974
3.331939684735644 3.0
3.4638935241650066 3.0
3.907453407318423 3.0
4.0 3.4497478366822567
4.0 3.515820279023247
3.38563792144112 4.0
4.0 3.5928397427850145
3.3335607757768737 3.0
4.0 3.1646421149000066
3.0 3.071209935512943
4.0 3.06754891143314
3.886106228016714 3.0
3.935733788773736 3.0
3.9005579152911394 4.0
4.0 3.768054886300984
3.112864965451279 4.0
3.292049242303129 3.0
3.932836620009933 4.0
3.2754495218308044 3.0
3.0 3.104814736296388
3.9711948389866216 3.0
