10.987121781658368 0.15997058534495823
9.051699538071379 -0.3173739653877798
10.061948111353761 0.9980793713426312
9.004991805491187 -0.09979325057492923
9.539501939060184 -0.8876607098833815
9.040056078378413 0.28019219714647237
10.939366717450488 0.34291423147238087
9.019952286666285 -0.1987623696511897
10.301379983506575 -0.9535041193102299
9.908515411509372 0.9958064922808549
9.019111187136092 0.19456910545725078
10.625728311205819 0.7800410761976027
10.632489132630269 -0.7745692332545948
10.998572702696126 -0.053409338417109195
10.331392073550063 -0.9434931338320326
10.922542437650979 0.3858956474657219
10.99135048783693 0.13124103880067664
9.576923171953108 -0.9060938127863917
10.785529086395757 0.6188247364369394
9.175424358279216 -0.5657517221191251
10.997624842120574 -0.0688815968448603
9.174063320230271 -0.5637628943190186
9.03076216464073 -0.24612602159885222
9.248516741763035 -0.6597521599733922
9.40568719942791 -0.8042339803043375
10.994693794741169 0.10287980707317058
9.847307432118459 -0.9882737372376852
10.79603905576682 -0.6052452574732554
10.162578625372575 -0.9866955916451458
9.00111127888367 0.047130911582351644
10.368844941009183 0.9294909410488796
10.887385895607602 0.4610274094635749
10.322204875282104 -0.9466699627348723
9.864541255789668 0.9907829876501514
9.467374764025895 0.84635120251792
9.28723921420308 0.7014072014387626
9.90515920577738 0.9954924528851149
9.155399323266042 0.5353967658293617
10.33082451779796 -0.9436922901156642
9.19745817674344 -0.5965958614707582
9.962057818048292 -0.9992799361684109
10.783697809759161 0.6211422888346075
9.006001429488071 -0.10939306111560397
10.886074383130872 -0.46354308058609145
9.261689240005511 0.6744606894966975
10.54723493314071 -0.836979048692668
10.586950325654955 0.8096229463234978
10.295086237394694 0.9554706235673823
9.838488730155424 0.9868708678004396
9.332415098525422 -0.7445336791060416
4.574723272264446 -0.905063370624698
5.911679953048482 -0.4109010382190791
5.29772079405353 0.9546529886760611
5.150957288545337 -0.9885402859949816
4.5887934091499885 -0.9115421765565822
4.505204684824867 0.8690095489007822
5.14686301341144 0.9891568405928917
5.439335891042556 -0.898322867816379
4.299899143687359 -0.7140439699278378
4.783257082656265 0.9762287169415408
5.762462667530539 0.6470322098800141
4.055014509264986 0.3271122472490208
5.86507397594138 -0.5016443123857505
4.662537324239404 -0.941338909462739
5.162552563197796 -0.9866998855770819
5.143762317629199 0.9896122452909935
5.871649570364729 0.490129601720792
4.053080009082953 -0.32146933104366127
5.542049031301103 -0.8403468615194183
5.7470393874391865 -0.6647797782833684
5.208023752710546 -0.9781237745337865
4.396283485788214 0.7971990783160562
5.909277569783766 -0.4161902222399373
4.1428747369876495 -0.5151080309080888
4.133086929110568 -0.4984593539307435
4.5246439950955395 0.8797935374855117
5.725587746714433 0.688129654801965
4.318917696546626 -0.7322068668912127
5.092715529400391 0.9956926386229865
4.352517640845125 0.7620804383942932
4.259808129647816 -0.6723957131515155
4.578081228274105 -0.906633636076509
5.330391595781872 0.9438439454892465
5.151536293913766 -0.9884516941291975
4.381812190187494 0.7860304267642682
5.552409276731345 0.8335730267835876
4.160756268851413 0.5437554227111652
5.442931288369149 -0.8965555609016356
5.886863209683588 0.46203208471893353
4.001169092448485 -0.048340646663219806
4.85817898230714 0.9898923168408579
5.608732673353438 0.79337540445364
5.576929358745655 0.8167940468792162
4.585997943974507 0.9102759458574441
5.638120133279024 0.7699368126696894
4.366228701959605 -0.773520485688771
4.852820026683768 -0.9891097287230741
4.571957929676173 -0.9037588096571405
4.351114330464933 0.7608859230344768
5.990032301721915 0.14084048262913132