10.987121781658368 0.15997058534495823
9.051699538071379 -0.3173739653877798
10.061948111353761 0.9980793713426312
9.004991805491187 -0.09979325057492923
9.539501939060184 -0.8876607098833815
9.040056078378413 0.28019219714647237
10.939366717450488 0.34291423147238087
9.019952286666285 -0.1987623696511897
10.301379983506575 -0.9535041193102299
9.908515411509372 0.9958064922808549
9.019111187136092 0.19456910545725078
10.625728311205819 0.7800410761976027
10.632489132630269 -0.7745692332545948
10.998572702696126 -0.053409338417109195
10.331392073550063 -0.9434931338320326
10.922542437650979 0.3858956474657219
10.99135048783693 0.13124103880067664
9.576923171953108 -0.9060938127863917
10.785529086395757 0.6188247364369394
9.175424358279216 -0.5657517221191251
10.997624842120574 -0.0688815968448603
9.174063320230271 -0.5637628943190186
9.03076216464073 -0.24612602159885222
9.248516741763035 -0.6597521599733922
9.40568719942791 -0.8042339803043375
10.994693794741169 0.10287980707317058
9.847307432118459 -0.9882737372376852
10.79603905576682 -0.6052452574732554
10.162578625372575 -0.9866955916451458
9.00111127888367 0.047130911582351644
10.368844941009183 0.9294909410488796
10.887385895607602 0.4610274094635749
10.322204875282104 -0.9466699627348723
9.864541255789668 0.9907829876501514
9.467374764025895 0.84635120251792
9.28723921420308 0.7014072014387626
9.90515920577738 0.9954924528851149
9.155399323266042 0.5353967658293617
10.33082451779796 -0.9436922901156642
9.19745817674344 -0.5965958614707582
9.962057818048292 -0.9992799361684109
10.783697809759161 0.6211422888346075
9.006001429488071 -0.10939306111560397
10.886074383130872 -0.46354308058609145
9.261689240005511 0.6744606894966975
10.54723493314071 -0.836979048692668
10.586950325654955 0.8096229463234978
10.295086237394694 0.9554706235673823
9.838488730155424 0.9868708678004396
9.332415098525422 -0.7445336791060416
10.987121781658368 0.15997058534495823
9.051699538071379 -0.3173739653877798
10.061948111353761 0.9980793713426312
9.004991805491187 -0.09979325057492923
9.539501939060184 -0.8876607098833815
9.040056078378413 0.28019219714647237
10.939366717450488 0.34291423147238087
9.019952286666285 -0.1987623696511897
10.301379983506575 -0.9535041193102299
9.908515411509372 0.9958064922808549
9.019111187136092 0.19456910545725078
10.625728311205819 0.7800410761976027
10.632489132630269 -0.7745692332545948
10.998572702696126 -0.053409338417109195
10.331392073550063 -0.9434931338320326
10.922542437650979 0.3858956474657219
10.99135048783693 0.13124103880067664
9.576923171953108 -0.9060938127863917
10.785529086395757 0.6188247364369394
9.175424358279216 -0.5657517221191251
10.997624842120574 -0.0688815968448603
9.174063320230271 -0.5637628943190186
9.03076216464073 -0.24612602159885222
9.248516741763035 -0.6597521599733922
9.40568719942791 -0.8042339803043375
10.994693794741169 0.10287980707317058
9.847307432118459 -0.9882737372376852
10.79603905576682 -0.6052452574732554
10.162578625372575 -0.9866955916451458
9.00111127888367 0.047130911582351644
10.368844941009183 0.9294909410488796
10.887385895607602 0.4610274094635749
10.322204875282104 -0.9466699627348723
9.864541255789668 0.9907829876501514
9.467374764025895 0.84635120251792
9.28723921420308 0.7014072014387626
9.90515920577738 0.9954924528851149
9.155399323266042 0.5353967658293617
10.33082451779796 -0.9436922901156642
9.19745817674344 -0.5965958614707582
9.962057818048292 -0.9992799361684109
10.783697809759161 0.6211422888346075
9.006001429488071 -0.10939306111560397
10.886074383130872 -0.46354308058609145
9.261689240005511 0.6744606894966975
10.54723493314071 -0.836979048692668
10.586950325654955 0.8096229463234978
10.295086237394694 0.9554706235673823
9.838488730155424 0.9868708678004396
9.332415098525422 -0.7445336791060416