53.315158155228346 54.0
27.0 26.37699602185775
98.0 97.85973702923732
18.0 17.071424646986195
54.0 53.1391152835535
17.144132513635483 18.0
112.0 111.46116628771821
49.756816972909476 50.0
17.54774013915278 18.0
72.78570733113924 72.0
26.0 26.52046790444608
90.0 89.82211513487434
50.0 49.70463146436285
179.28772321154787 180.0
72.37446484755876 73.0
32.2524744529531 33.0
89.76261324913006 90.0
27.0 26.812850028640344
111.0 111.11240536522051
26.0 26.02449468809938
21.531093825451816 22.0
111.0 111.57072643750645
53.51008042700814 53.0
27.0 26.87424855355904
26.33771143014514 27.0
50.0 49.74873935620482
179.351419827199 179.0
179.0 179.77791267124303
18.0 17.32823883327033
50.0 49.847553911280926
50.0 49.83060919521551
89.26239958017169 89.0
97.7457449981027 98.0
47.827609542012844 48.0
112.0 111.84821983179366
33.0 32.11399025412593
26.0 26.12834385131044
111.40542199458707 111.0
50.0 49.540061674710415
22.0 21.57555379208324
72.0 72.74910676056385
89.66159649639509 89.0
49.0 49.951547982555724
26.0 26.523212657525665
50.0 49.80987890118972
22.0 21.377150211449845
26.0 26.361226034790192
18.0 17.14356842408965
47.0 47.235434195830116
179.3343874167839 180.0
49.0 49.040885015291266
97.0944201395046 97.0
89.09940718159896 90.0
33.0 32.721183383201755
111.0 111.27075257792475
179.81159954134452 180.0
112.0 111.20359482820209
179.698203121054 179.0
26.0 26.341538417896313
48.0 47.00543115909282
111.64338538669593 111.0
49.63053031283919 49.0
97.87888891851748 97.0
21.612314003941293 21.0
26.32717508290025 27.0
97.7046893556924 97.0
89.0 89.89873585449224
111.42079362800267 112.0
49.99142781604216 50.0
49.00900544151978 50.0
112.0 111.25154559737805
21.683821149786677 22.0
179.0115543303667 179.0
72.8802842020338 73.0
72.8728097785481 72.0
111.98646504098801 112.0
17.814342193463506 18.0
47.329043995430474 47.0
179.57664884678437 180.0
21.0 21.09108985972751
179.5906216940921 179.0
179.36601494535867 179.0
32.38647256203222 33.0
17.0 17.48493339212703
27.0 26.813413833639466
32.50526041822896 33.0
72.0 72.29071683490946
49.61377775856487 49.0
179.98016368781674 180.0
21.566985486211706 22.0
72.42082773242427 73.0
21.20834757406923 21.0
21.11218357031112 21.0
111.624264379388 111.0
26.80009687379637 26.0
99.94405226946475 100.0
17.179400514034366 18.0
179.0922642435063 179.0
21.81490002258686 22.0
26.192134233637976 26.0
89.55911550788615 90.0
22.0 21.167219249697464
111.0 111.45404033059407
72.0 72.34742894523418
111.43304569657968 112.0
17.0 17.771319167370567
49.14413075776007 50.0
111.23086968001539 111.0
49.3634462047434 50.0
90.0 89.91573502777092
17.098506143085185 18.0
49.0 49.34134835925129
111.0774849265525 111.0
18.0 17.689621815299667
21.0 21.336065930465917
32.66290106029214 33.0
99.23974328366154 100.0
98.0 97.7568481364372
50.0 49.8888113330118
98.0 97.77642202880992
72.64058880858664 72.0
72.11735185611082 73.0
26.19741079215304 27.0
17.511089710460773 18.0
179.0 179.46991078749505
17.0 17.559280149237146
26.130714336446985 26.0
22.0 21.10284375848227
97.58304717373827 97.0
26.0 26.215031749630818
27.0 26.720896927155717
89.82299843348667 89.0
72.61946037211149 72.0
26.0 26.863265240603713
49.107405452715994 49.0
17.24010728163571 18.0
49.04339817216652 49.0
8.0 7.709306762018944
54.0 53.119620355632115
179.60628537484877 179.0
180.0 179.09440166761894
32.5234607051806 33.0
97.75232025840928 98.0
180.0 179.3351111920235
97.42765719048913 97.0
97.85581232867644 97.0
17.0 17.512483397070646
53.294315498634134 54.0
49.16429398515269 50.0
47.77534430258472 48.0
18.0 17.295867560449153
89.0 89.98038058805821
112.0 111.531271914613
180.0 179.8547081245544
97.8856476017243 98.0
179.0 179.67183648589773
17.0 17.369165753272565
179.0 179.5418507403014
32.01990502334439 33.0
179.66013566815292 180.0
26.34170702007584 26.0
48.0 47.07812212998115
180.0 179.78103096255091
180.0 179.32714241377292
73.0 72.48131930995179
73.0 72.73101035615076
179.0 179.98099210512996
179.0 179.74015141061483
111.13704082998848 111.0
21.0658629434917 21.0
32.75848173817798 33.0
97.0 97.11981333114304
179.36738328414276 179.0
72.41018124755858 72.0
179.02723853511174 179.0
32.44406583951308 33.0
111.0 111.0739315287372
97.0 97.6681407991147
50.0 49.325337644789556
72.96981285211935 73.0
48.0 47.26363882633871
111.52048576158943 112.0
72.0 72.50596287097427
33.0 32.48194452450677
179.31202593856216 180.0
50.0 49.2593097731959
8.0 7.814462380737696
26.695299847807604 26.0
32.52938795382702 32.0
47.802719138713314 48.0
179.0 179.48337032264777
26.248774502482767 27.0
48.0 47.81815704414175
90.0 89.09853935737513
50.0 49.781311370895835
89.0 89.96531535547373
22.0 21.383116495371343
33.0 32.96218463456011
179.4283977368601 180.0
111.37556568049736 111.0
180.0 179.67367044155276
72.06697613557446 72.0
49.66481902680435 49.0
53.506890566708904 54.0
72.10841900217952 72.0
17.50907328394752 17.0
27.0 26.68621061955128
100.0 99.87231480371261
89.0 89.94320866032976
98.0 97.05904424930884
97.0 97.17763888711464
89.0 89.20064306335252
73.0 72.81455309976029
99.0 99.62040149631571
26.0 26.926478727763637
89.73484547666192 89.0
47.0 47.104180283116506
90.0 89.75579484911458
180.0 179.96597663030934
21.04291542056682 22.0
72.23416509093065 72.0
26.608132678513442 26.0
21.224314185223538 21.0
50.0 49.47176594504668
97.0 97.44718519519662
72.0 72.72235574058514
49.0710490149637 49.0
72.0 72.15803142569327
26.543290331700877 26.0
21.0 21.723455098533996
100.0 99.56660596695914
26.5705139806449 27.0
18.0 17.27848228446362
33.0 32.513666786045846
48.0 47.87956059997935
32.0 32.73235358665968
21.0 21.722681642092
17.0 17.670164203712176
49.0 49.60267493004084
26.0 26.100672080964983
97.37328354652601 98.0
89.0 89.9457817595721
26.546414141579678 27.0
111.93602356651031 112.0
112.0 111.04453506705555
50.0 49.388175308714814
18.0 17.722319884937423
97.48885573080979 97.0
112.0 111.79793846334336
72.0 72.95830244609334
49.5318716493353 50.0
17.48546893346686 18.0
49.0 49.43828208616699
89.0 89.22678217826032
22.0 21.471810473355646
179.05658203187244 180.0
26.12606132773708 26.0
32.657850319705034 33.0
53.0 53.10011401681391
26.0 26.498813381090788
89.0 89.61256755620903
53.93933573153306 53.0
21.25674419111381 22.0
89.34765355697397 90.0
17.0 17.180642019982788
179.1472495744831 180.0
17.201008199144486 18.0
27.0 26.49178707795182
27.0 26.133205041094094
26.0 26.067047253011467
17.32756632592309 18.0
89.16909953508824 89.0
21.0 21.871179825150982
73.0 72.17136017064911
21.289234893713108 21.0
111.57840531011658 111.0
17.36302583820658 18.0
26.550031050394427 27.0
18.0 17.290655471392025
26.0 26.920227569181055
32.31362224241059 32.0
180.0 179.15134384702296
49.0 49.694350564868806
97.86108328674938 97.0
73.0 72.96845796471118
111.0 111.2248836514125
179.0 179.7497356539016
89.0 89.27838064448292
49.36850059240088 49.0
17.49263478137257 17.0
111.31699728197565 111.0
26.0 26.583432854900376
49.6004842546062 50.0
21.0 21.723990250565176
179.0 179.33460464790232
21.251864330563414 22.0
73.0 72.44347361764207
17.0 17.58912532644889
49.0 49.9309535908235
33.0 32.97394646800513
111.83150674761947 112.0
26.709844369744186 26.0
72.1387139041183 72.0
27.0 26.68003917804672
18.0 17.696056175608103
49.456072638130905 50.0
179.0 179.3811260026417
179.04818207082658 180.0
7.0 7.539621706436736
89.66064602458135 89.0
17.279694860308023 18.0
47.9799649641715 48.0
73.0 72.61020466616111
53.0 53.68077701863511
97.0 97.31534447765594
26.0 26.60048344889086
179.0 179.06064545949818
32.9812881472778 33.0
21.145691652130225 21.0
21.0 21.624004252715746
22.0 21.42316125077931
97.36404392589516 97.0
89.20732953119249 89.0
179.70406409441165 180.0
53.0 53.21211307405628
111.22767193522984 112.0
179.5784971758517 180.0
27.0 26.989255549415994
179.0 179.037127971094
22.0 21.227058085255695
49.53752012726491 49.0
180.0 179.738479454369
33.0 32.90090687128947
32.0 32.302226196361175
47.882216471305256 48.0
32.811561283928214 33.0
97.25018399775324 97.0
111.67140878716447 112.0
100.0 99.5056661895438
90.0 89.70268300441343
111.74332267687976 111.0
99.23624809578227 100.0
26.0 26.63419385307888
32.0 32.15678023809014
17.105645663986962 17.0
32.0 32.593185992251165
111.94074020066277 111.0
49.0 49.60915254319737
97.35166513349793 97.0
72.03888777346833 72.0
99.84293768118694 100.0
179.3084900878186 180.0
99.13338207380055 99.0
32.29880583197793 33.0
73.0 72.89843284492218
18.0 17.866657935445488
26.0 26.112973495223432
22.0 21.599857038520813
53.0 53.23105642895903
32.45242587669525 33.0
72.0 72.64906071476263
180.0 179.2903172586444
26.0 26.423243220284046
26.531376006831522 26.0
21.0 21.91893463862233
17.0 17.53201930084637
17.67935170194589 18.0
21.897486410297514 21.0
21.6796644280794 22.0
22.0 21.923791086086066
53.113949433960435 53.0
73.0 72.19030402962049
18.0 17.231864903889065
89.0 89.98956163363427
18.0 17.740238087151912
180.0 179.81354230687128
97.0 97.26333078267231
89.02078541676208 90.0
21.855941110170182 21.0
47.73298006378793 48.0
53.836285317208414 54.0
112.0 111.99081899021391
17.565467230891315 17.0
97.85708412177469 97.0
73.0 72.81867596417256
72.50724031513246 73.0
26.088171236976194 27.0
21.052394326716858 22.0
89.58943710372266 89.0
111.12528780149307 111.0
97.67184803797647 97.0
47.15871541417091 47.0
17.82390339412172 17.0
49.0 49.499124172783624
49.46022891688226 50.0
26.32329747538668 26.0
26.036707225922743 27.0
49.86475661424091 50.0
18.0 17.149120232521117
21.867608882973986 22.0
97.0 97.04677484093611
72.0 72.16037418443518
26.0 26.801434966107895
49.0 49.38931933597689
26.95424757245166 27.0
97.40337257479601 98.0
26.870526366119503 26.0
179.38902664581767 180.0
17.0 17.96834879064274
98.0 97.90408103190941
179.0 179.7424758778655
50.0 49.841686112900376
179.00294525581694 180.0
89.0 89.90296030092236
26.932187539931 26.0
17.0 17.291113936164656
32.0 32.315363841912045
89.45129158623341 90.0
98.0 97.16298459267477
111.05981890139724 111.0
26.52451171548989 26.0
111.0 111.37199706498212
179.51462749081 180.0
50.0 49.92399111675335
50.0 49.8465137017934
180.0 179.13822223511818
17.0 17.444762320634528
179.0 179.23695953412633
49.62704029817691 49.0
21.698984519505945 21.0
72.94660706943662 73.0
26.0 26.672893205866544
26.747910189803676 26.0
89.57310808534379 90.0
21.215125112415738 22.0
90.0 89.43774937203123
22.0 21.972889234158245
50.0 49.06481594768919
50.0 49.14513300326584
21.506045301571064 22.0
179.49613658159097 180.0
97.19211381618626 97.0
50.0 49.68938677865734
17.739566550194166 18.0
27.0 26.834326025178356
47.81094807164563 47.0
53.0 53.43816958644769
72.46287898747981 73.0
33.0 32.60480376473593
111.27387260552423 111.0
53.26796965994144 53.0
26.105416988540806 26.0
179.358675484387 180.0
89.09835956560985 90.0
49.0 49.08467355787903
48.0 47.27019276994867
49.298864857727715 50.0
21.7135696137908 21.0
72.53922189672757 72.0
89.0 89.7831306529155
49.42681668596511 50.0
33.0 32.41007010307219
21.61009292495547 22.0
90.0 89.50536043489655
97.0 97.54960916386081
17.44186368761658 18.0
98.0 97.56133000979186
21.470084488808258 22.0
97.0 97.68784539490699
180.0 179.64379900644562
26.19169336966781 26.0
18.0 17.83787377846425
72.0 72.57669920334541
21.943455498034737 21.0
22.0 21.140825138256705
89.0 89.21931552249364
111.40821577686968 112.0
89.15690911296295 89.0
26.267642419991123 27.0
17.40542205201913 18.0
72.7319488457448 72.0
32.36859256158622 33.0
21.970476359446707 22.0
18.0 17.511432631400325
72.9719146947181 73.0
72.56191514087358 72.0
89.93860304964197 90.0
32.26043865135995 33.0
26.217821045330435 26.0
26.19749330213298 26.0
97.4154802919734 98.0
72.68621821857434 72.0
32.90933266797144 33.0
32.0 32.79683793639776
32.247884241049064 32.0
49.55574325022143 49.0
27.0 26.240400986416013
26.090614669177693 27.0
32.97980141605804 32.0
27.0 26.252946130834417
179.79545198515555 180.0
21.0 21.874500465171142
50.0 49.96334292971449
26.364548149324957 26.0
50.0 49.89126315189383
26.072726532128012 27.0
17.184742522502546 17.0
26.022742640278686 26.0
22.0 21.370506560406525
97.1092879892848 97.0
49.0 49.921357653679536
97.51258931168394 98.0
18.0 17.4545865209502
18.0 17.55579047780178
22.0 21.03464384367577
21.0 21.586270004703415
73.0 72.22790274746748
72.13923191832477 72.0
21.47211225276916 22.0
21.136725073091025 21.0
179.434672686052 179.0
72.33671113102494 72.0
27.0 26.213288273642725
53.684550271915946 54.0
179.97543841243436 180.0
17.18938101496324 18.0
33.0 32.903984978718896
49.52559068517622 49.0
49.6143146602002 49.0
17.45690286636983 18.0
17.0 17.288366880137882
17.0 17.63560224504001
111.0 111.19911573445071
7.233404192443744 8.0
89.05879975409506 90.0
49.5723064489642 49.0
47.97641373362369 47.0
49.99913033529168 50.0
17.0 17.47118211797329
53.0 53.3730528797895
49.0 49.03211385419922
21.081444380887636 21.0
21.878272441163418 22.0
97.9709529992667 98.0
97.79424872034059 97.0
111.12618705659834 112.0
22.0 21.28181514384033
98.0 97.86439995548557
89.0 89.64292276008298
49.30464467148884 49.0
89.27227339231517 89.0
17.20910715398016 18.0
22.0 21.546726785927543
17.0 17.015017843979408
33.0 32.679531699797764
179.0 179.70798417523042
111.0 111.01328401428762
72.4154874537568 73.0
22.0 21.413507203556424
49.83136258454849 49.0
97.28917402773172 98.0
99.0 99.60279661891005
89.38542935964439 90.0
17.0 17.210494639803986
49.0 49.58216750871593
49.0 49.58238102146908
179.5183834719181 180.0
47.01138197676532 47.0
112.0 111.51201011780836
26.26892264157371 26.0
21.0 21.937509578393236
26.0 26.721208853679478
73.0 72.41741691677761
111.0 111.83993870812449
112.0 111.71031581718601
17.351578338547046 18.0
47.766607893566984 47.0
90.0 89.39035403659594
73.0 72.53257137898044
27.0 26.022529230129155
89.35388948597009 90.0
97.66914590157884 97.0
18.0 17.833917346223142
17.0 17.04620744352609
17.21774910336564 17.0
26.0 26.00333567895837
49.0 49.6860933623092
49.153972978542924 49.0
49.51101937676727 50.0
111.15615480297559 111.0
49.0 49.66958359908675
72.51431595664194 72.0
72.58404979604317 72.0
7.0 7.497760246033271
48.0 47.69396288396005
50.0 49.39017068832979
72.12048334436314 72.0
17.868368105564755 18.0
50.0 49.844434658198026
72.3655342340465 73.0
26.0 26.636155110428156
27.0 26.975869108856077
97.27684815198131 98.0
73.0 72.31756236006893
111.0 111.57294278335458
179.0 179.73393960250834
32.0 32.90377998168175
179.18869396078588 180.0
17.026011833214863 17.0
73.0 72.07699637490066
100.0 99.8838201660746
89.52294391480888 90.0
72.0 72.13164297480797
8.0 7.085709020442992
26.0 26.692983173635312
26.0 26.317831875641875
22.0 21.872447322710258
32.46573046806616 32.0
112.0 111.86757851315477
73.0 72.15875842041672
179.37063853329784 179.0
111.0 111.27978398458018
21.24724566762705 22.0
26.0 26.422591796856242
179.14800509804917 179.0
32.76685665083221 32.0
17.615788789810402 18.0
72.0 72.81518112521213
72.0 72.6489307885393
22.0 21.365713307206285
50.0 49.19636407457906
73.0 72.19593641522683
21.648284033496385 21.0
21.704273879486532 22.0
73.0 72.8782336752626
50.0 49.8657257070252
97.5207253686733 97.0
32.73603054537922 33.0
32.884850295574374 33.0
26.0 26.457909370853656
17.975965473463173 17.0
26.570730698741375 26.0
179.0 179.95676903716802
26.89420268272693 26.0
21.21208491149471 22.0
112.0 111.08095476391844
32.51533535314652 32.0
111.0 111.21418203068455
89.0 89.62641774913398
17.5791894663192 17.0
17.661469858640316 18.0
32.0 32.815553683680115
50.0 49.57458032704604
17.22129859076826 17.0
180.0 179.56271741937695
179.26624039487942 179.0
21.86981971143203 22.0
49.69463529835785 50.0
97.12564761165649 98.0
179.0 179.7550178793105
26.618672171941416 27.0
17.0 17.004094264237825
32.66107985123511 33.0
111.4490009833616 112.0
32.712660848687115 32.0
89.0 89.69094632275419
72.86541289363653 73.0
49.238286099678454 49.0
53.241378550017224 54.0
49.0 49.59562996711097
17.315052780980576 18.0
53.03571181233557 53.0
111.0 111.55272645048409
179.0 179.02377828649037
89.0 89.32685489927657
72.0 72.86574351431007
21.0 21.648356609026465
179.67484165221768 179.0
89.55605897131291 90.0
22.0 21.982520904049355
49.0 49.981898982329746
89.0 89.03496084880977
18.0 17.48332373874451
26.217449156871215 26.0
97.0 97.15632844272324
26.130881544213224 26.0
97.28373704784507 98.0
53.7917939309688 53.0
112.0 111.24686374692666
26.0 26.175282978112662
21.02365399205596 21.0
90.0 89.57873198371216
49.34097134010126 50.0
7.57535087579974 8.0
72.0 72.38824719651733
21.0 21.68213510844901
89.0 89.53891844888844
112.0 111.78398959649348
180.0 179.85094538814866
111.0 111.49120274054783
27.0 26.92354034144421
97.0 97.7457953814798
179.5700853843721 180.0
17.0 17.975527773988876
32.76960111856154 32.0
111.0 111.33068164343213
22.0 21.494086304555708
17.0 17.915397596692497
32.30706375419918 32.0
49.0 49.423694842609194
72.0 72.04577935721146
73.0 72.85834263190071
21.511193454681475 22.0
26.0 26.381497550427692
97.0 97.50263935449846
21.0 21.132707881935254
32.81832246282126 32.0
17.0 17.586526876576738
179.8520506902155 179.0
21.157178267290842 21.0
89.0124487778317 90.0
17.076035224460423 18.0
179.21302870117754 179.0
97.37095202352414 98.0
72.50988809266833 73.0
26.0 26.41645701799399
22.0 21.041525558979345
17.08988585797965 18.0
53.94768788273329 54.0
179.0 179.27252066538722
179.39888326958234 180.0
111.30632587179106 112.0
26.993880052019918 26.0
26.80316884770506 27.0
49.0 49.35449146728676
72.4542914662531 72.0
111.0500945231476 112.0
17.0 17.60889246711934
89.46836593151279 89.0
73.0 72.93935796468324
111.58917882915209 112.0
179.64570608993355 180.0
179.61093432956912 180.0
27.0 26.20003342938245
179.8737571680043 180.0
111.23884825511941 111.0
32.314257359182996 33.0
111.72250916328758 111.0
48.0 47.028290882459416
26.242741689138487 26.0
111.77647085382362 111.0
26.732747825697025 26.0
49.0 49.97701521405136
73.0 72.33554992295912
179.45224258896954 179.0
111.0 111.80551295142955
50.0 49.262230011042995
32.0 32.28782188712296
49.92882378578906 50.0
49.0 49.40105622311896
179.46308977936792 180.0
48.0 47.825786402303734
26.0 26.392181824207775
21.0 21.449664652937592
72.6799908649751 73.0
49.0 49.511199822366265
97.0 97.4750796483805
53.237013488604056 53.0
26.0 26.62582894953565
72.0 72.59487012667728
27.0 26.94235069972449
180.0 179.89615842339276
72.9889533484838 72.0
180.0 179.8194684303673
72.38239099395649 73.0
17.94089569468655 17.0
72.15953223958823 72.0
26.460606561032236 26.0
21.157888277361664 21.0
72.07784998908777 72.0
21.839044749393018 21.0
33.0 32.77864637731959
27.0 26.43818184642858
27.0 26.766593774758988
21.0 21.940171018676306
22.0 21.32661051461062
26.080882575815515 26.0
27.0 26.643375933164478
17.0 17.694310785751576
49.130713132139256 50.0
72.0 72.7976819554194
49.789131255928346 50.0
49.0 49.49965597248636
53.73930770000726 53.0
18.0 17.25031100405709
72.0 72.35078686624098
27.0 26.3380713856046
17.0 17.479570112145737
179.32186448267342 180.0
21.126228325859334 21.0
111.24514353528056 112.0
72.1686399631223 73.0
53.68200997477822 54.0
72.0 72.81035874064847
17.03169638615385 18.0
33.0 32.44059897137011
89.0 89.3783195633371
7.0 7.5535202860806505
50.0 49.41003565545156
21.141179997767516 22.0
32.0 32.93147886079086
27.0 26.06226359294545
50.0 49.409592845500754
17.799638063788688 18.0
22.0 21.99675316655131
111.19998733808578 111.0
111.59289778163688 111.0
26.53586146826897 27.0
72.0 72.46707999500192
111.0 111.42997370396488
180.0 179.45944519556124
98.0 97.95406289196329
22.0 21.074651964280886
17.36238729702329 17.0
22.0 21.332641395159385
111.0 111.8591911677604
111.0 111.84971075934632
179.0565411780386 179.0
26.0 26.234712746631818
33.0 32.3485808023376
49.29830470533115 50.0
26.0 26.576912820122015
49.0 49.48187181370613
17.0 17.98398776721434
49.27843887941629 50.0
26.0 26.203016761058855
179.0 179.60499297457437
17.0 17.755558471115307
48.0 47.936615843742636
32.12844236236331 33.0
17.49940468985982 17.0
53.167451402438836 53.0
21.45586672907262 22.0
26.65559750949392 26.0
49.48027004887139 49.0
26.309119108866483 27.0
73.0 72.3937577294348
18.0 17.419007631204863
26.0 26.660347511680673
179.90452914927087 179.0
111.27986450806748 112.0
17.620229343160485 17.0
179.52703059935126 179.0
21.0 21.075287906573173
49.1768936026815 50.0
26.765201932255685 26.0
179.0 179.26720439329813
18.0 17.157557596621054
47.45988127687466 47.0
97.0 97.18395616581705
27.0 26.91641724393437
26.0 26.061558825027827
72.0 72.68274077071898
27.0 26.297766049909313
21.0 21.15629763035724
49.0 49.96003226733227
48.0 47.44474961459165
89.0602520295777 90.0
49.31461804209535 49.0
111.0 111.17867493704472
180.0 179.038482440625
90.0 89.60972912492446
17.252113853942838 18.0
89.46552702435311 89.0
26.603845837974113 26.0
111.93642956981463 112.0
21.23619637065698 22.0
47.740537647295014 48.0
50.0 49.5999182985215
72.0 72.85122238265056
27.0 26.399749784228415
89.0 89.67229133528303
50.0 49.352931893073595
26.84152741395037 27.0
17.0 17.309174063753613
97.14915957376708 98.0
27.0 26.857586842861863
179.06718168457917 180.0
50.0 49.974674594820485
72.42902680343911 72.0
53.0 53.289705318155214
97.62298268189078 97.0
89.15060079339463 89.0
32.83505907822367 33.0
54.0 53.94971221432734
49.290662211105726 49.0
89.0 89.11243596250046
180.0 179.2474989229861
90.0 89.17968444761048
47.73440196604401 48.0
17.189391212234252 18.0
180.0 179.86347046635134
72.0 72.67240534091229
21.56267230857057 22.0
26.0 26.925008076350906
179.00995660793478 180.0
26.284947509225205 26.0
98.0 97.45800845556117
179.12456398495465 179.0
72.08799413076201 72.0
89.0 89.88077160348706
49.13336077319789 49.0
27.0 26.62529706358485
27.0 26.996789634538217
179.42570882804236 179.0
50.0 49.977854238563594
97.21825036159983 97.0
7.0 7.606313348218118
72.56650091983963 72.0
72.74184048869104 73.0
18.0 17.62660029676804
97.71396888800639 97.0
72.58222933232538 72.0
32.61486560011639 33.0
22.0 21.835016944264503
50.0 49.78191356227625
21.26045144608293 21.0
179.0 179.66671220466995
179.22712890407064 180.0
111.55786075052997 111.0
179.29784777446747 180.0
179.2022819515142 180.0
47.22670624132834 48.0
18.0 17.921910954102923
112.0 111.62760891291202
26.0 26.865230619931793
49.546563322927526 49.0
72.5973306235539 73.0
49.33824659494882 50.0
111.50169314383456 111.0
17.673904588926327 18.0
21.0 21.609591715455778
72.0 72.09811794987407
49.0 49.87805562404822
72.55128488980003 73.0
97.80436632822621 97.0
21.948324279919866 22.0
111.38830119073566 111.0
73.0 72.0858307639267
26.680326911444343 27.0
8.0 7.059502029199633
27.0 26.625234109402548
17.74188166318623 18.0
47.0 47.90224649692123
49.338835821915794 50.0
22.0 21.89263300971563
111.48146900550863 112.0
32.0 32.05957875458209
21.62651860718266 22.0
49.69835127874629 50.0
26.128883759239624 27.0
50.0 49.15844386099952
22.0 21.038241924603476
49.0 49.94243055114431
111.0 111.9067720998685
17.75126318986353 17.0
21.61460356509709 22.0
17.0 17.062980090863284
99.89115190361672 100.0
26.005851554868787 27.0
112.0 111.4556370099601
50.0 49.997397253188375
18.0 17.542754013751882
112.0 111.88646012861712
27.0 26.15964528976053
32.0 32.09982244340175
179.8236483014963 180.0
53.717764718605885 54.0
17.0 17.00479847578803
90.0 89.0319441816976
49.0 49.294326628143246
179.43427159072715 180.0
73.0 72.85421524322653
112.0 111.80042323596749
112.0 111.56996145433914
89.0 89.29698816270931
89.05165807057433 90.0
26.7251843979736 27.0
26.0 26.93680047623898
112.0 111.57298912782716
89.0 89.42909893957652
72.0 72.06289911829953
179.0 179.62233639871482
21.0 21.24784366281998
89.46707806534191 89.0
112.0 111.84897591813343
21.712827037160643 21.0
26.3427168806023 27.0
54.0 53.77988909527485
49.813646859564436 50.0
179.53088722353405 180.0
179.35630314797913 180.0
180.0 179.82130314898058
49.0492960515173 50.0
32.52552983823211 33.0
26.660299998717246 26.0
180.0 179.1491952920253
26.95671043145267 27.0
17.96167387449615 17.0
17.65374585731211 18.0
53.98600244301105 53.0
90.0 89.12249738978541
90.0 89.91382155010051
48.0 47.9407152710964
97.73877099404753 97.0
17.0 17.561789403883516
112.0 111.963356660704
17.405883490151528 17.0
17.813376950241736 17.0
72.0 72.83141296390043
179.0592082205881 179.0
26.0 26.72294772874824
179.07040249830018 179.0
89.26495703611918 89.0
22.0 21.629137852411905
49.35940365054265 49.0
32.597884088653224 33.0
72.04531479348861 73.0
21.50724066631282 21.0
47.240039054425594 47.0
179.97761369093726 180.0
179.5804885213808 179.0
17.890676528538194 17.0
72.0 72.05206541157986
89.80305479629801 89.0
72.07085202873434 73.0
98.0 97.834167885605
26.798329339349557 26.0
72.89159940895847 72.0
49.74896008624323 49.0
180.0 179.898176438172
72.31868256199405 73.0
89.58417861790541 90.0
18.0 17.23998839867039
72.84587464753488 72.0
26.066061901109446 27.0
18.0 17.056215316787146
17.24390449046092 18.0
179.0 179.5210218013159
17.024306942771172 17.0
179.57507693784393 180.0
72.0 72.52897901931196
179.7691448108374 180.0
18.0 17.282815552913736
179.93318858820243 179.0
97.23786620788769 97.0
21.944773208916143 22.0
179.5091743652103 180.0
89.69256888743581 89.0
72.29661680145854 73.0
179.56734530793898 180.0
179.8185731307697 180.0
179.47459628760143 180.0
21.179506970528983 22.0
17.47450857664088 17.0
179.19954198589505 180.0
27.0 26.162723739272856
111.98771780679091 112.0
72.0 72.99435240966123
22.0 21.446839796485143
72.44409636331245 72.0
49.42168904898581 49.0
72.36923031177886 72.0
7.518810146447283 7.0
73.0 72.42448106167929
72.0 72.13167193997096
21.237568398866173 21.0
112.0 111.1383360232084
50.0 49.283951555432715
49.0 49.89216905631816
26.0 26.453858232356147
22.0 21.554842202429736
32.79403619717656 33.0
26.936033814226946 26.0
48.0 47.43038096395711
21.389130951721874 22.0
72.26270066664617 72.0
72.17150297605122 72.0
18.0 17.585884158256317
47.0 47.327939697335204
49.42619661632506 49.0
47.0 47.999412164680486
111.40805596876831 111.0
72.0 72.69487407808852
179.0 179.79589170207547
111.0 111.39496190030066
26.560165695283874 26.0
73.0 72.10195858500245
21.71797368266326 21.0
21.91327631676788 21.0
90.0 89.68490008072254
26.0 26.756129135795575
32.94681768249804 33.0
21.0 21.539935269537047
32.0 32.04260413606318
49.675345496403175 50.0
17.0 17.97976022503919
72.3757640085333 73.0
21.0 21.334794310290718
22.0 21.90195205247335
21.0 21.943407852629797
112.0 111.00053392462908
18.0 17.54635336710155
32.423856836738366 32.0
33.0 32.94573171375726
90.0 89.69138377083505
111.0 111.83996891194082
179.0 179.59620885349264
32.961849800563925 33.0
72.1930402739416 72.0
17.540736687446714 17.0
32.29570666070442 32.0
72.0 72.92776559901623
49.29662936541521 50.0
50.0 49.02057923494217
21.01676126322919 21.0
73.0 72.99200655444075
112.0 111.76640279117373
112.0 111.92102414860531
26.14396971508781 26.0
21.284960875735685 21.0
21.700640689895145 21.0
26.296554193209882 26.0
7.0 7.03508591404503
89.0 89.75036831069367
26.901513308386626 27.0
26.64333283179901 26.0
17.078278278498974 17.0
21.0 21.079588364120955
90.0 89.65531889789534
72.22249413274655 72.0
49.422407565999016 50.0
49.301982395916774 49.0
49.37103195772456 50.0
21.905198095208494 22.0
179.6396691260211 180.0
33.0 32.731631667975655
180.0 179.01176120269412
97.75918609752136 97.0
72.0 72.6783258686314
21.0 21.55984757823237
26.0 26.121283624859824
32.0 32.72888307088617
26.0 26.883993307844204
180.0 179.78523839281303
49.79391171148038 49.0
100.0 99.48121022598853
49.21390764858909 50.0
48.0 47.81631088324276
73.0 72.29095972359964
111.50319883204824 111.0
49.74480069705449 50.0
73.0 72.7546881605941
72.0 72.86909153933794
49.22171838085132 49.0
47.0 47.88547703461471
49.07458793398308 50.0
26.721671835587173 27.0
22.0 21.402197683929504
54.0 53.71509998273715
27.0 26.475380692100966
112.0 111.07453930961053
111.0 111.8164019944769
53.978251813899355 53.0
49.036289573455015 50.0
27.0 26.33958507199507
7.0 7.108192107130776
180.0 179.18816690502143
49.0 49.26149499036395
17.599462493520996 17.0
49.0 49.528215253064886
72.32008817353082 72.0
18.0 17.220799688631164
17.368092988680658 17.0
72.07825141118641 72.0
21.724791453237188 22.0
98.0 97.24048892762266
21.0 21.69964700281316
18.0 17.655936443039522
49.0 49.70591061044479
98.0 97.81858277097503
72.0 72.94204861640931
18.0 17.32359423967234
179.14255396665064 179.0
18.0 17.889613521272654
49.0 49.221259705899186
17.782937078967375 18.0
72.69725029602677 72.0
72.7991857275667 73.0
49.12673922330327 50.0
32.284643101849035 32.0
22.0 21.12924312602831
7.872002279628119 7.0
179.48410684474197 180.0
26.615417678285517 26.0
27.0 26.523348480980566
18.0 17.706673218352762
90.0 89.35817886449728
21.211819440185316 22.0
72.0 72.59461218154772
7.0 7.7002201048228
180.0 179.27195561168026
27.0 26.142285455179373
72.0 72.45137561207638
73.0 72.59968700506352
72.0 72.15731200522941
49.22166165345577 49.0
98.0 97.63403019882647
21.90503765158084 21.0
89.24074052885346 89.0
179.0 179.97376471941018
98.0 97.98884516977783
7.315135942383121 8.0
27.0 26.969282226309684
21.0 21.336988188822136
47.988157523233944 48.0
22.0 21.920177854111152
89.69168711690254 90.0
49.0 49.89171411207694
72.56567066197049 73.0
22.0 21.562823757190973
89.0 89.32326499817198
179.0 179.00629565809194
21.65353970745023 22.0
49.53528469097901 49.0
53.0 53.95698374367224
180.0 179.39136872045324
50.0 49.96536852066184
26.002923754225737 27.0
97.22982701238168 98.0
72.166074467927 73.0
89.34477855559693 90.0
72.12224382185991 72.0
49.71258621719875 49.0
179.8836600085259 180.0
21.235167389453213 22.0
32.536611473241095 33.0
99.06261730387762 100.0
97.67286101625032 97.0
21.882905656801217 21.0
50.0 49.45652197913093
32.34477674711399 33.0
21.088380129256237 22.0
97.0 97.38373506631797
47.04092486038625 48.0
22.0 21.8529756594773
26.586607171718008 27.0
33.0 32.13539392440146
180.0 179.97085204806424
17.0 17.40081075569949
89.74452174456168 89.0
72.82047418241791 72.0
21.112828083691 22.0
179.0 179.2112990829196
26.63215212896646 26.0
98.0 97.82544788813121
90.0 89.20707647276132
27.0 26.760732789645907
47.56893450203385 47.0
22.0 21.775619578441205
179.8656336436932 180.0
179.53232220165197 180.0
72.93412800233847 72.0
32.0 32.41744079494003
26.0 26.18223551093867
18.0 17.515182344434784
27.0 26.330978768220913
54.0 53.10720753335423
50.0 49.0653355007653
17.437941797866795 18.0
72.0 72.5502799360812
26.4229352386723 27.0
90.0 89.98823029113792
89.03542049470201 89.0
26.0 26.458706918134894
97.78928434660023 98.0
50.0 49.67846234582919
112.0 111.77196739549613
26.053140039545614 26.0
89.0 89.27880337689648
32.0 32.29704283965709
26.963778945858248 26.0
21.174167689523863 21.0
32.616739634705915 33.0
49.56980414590855 50.0
26.542130740787496 27.0
27.0 26.79595664016617
72.9165116857024 73.0
72.76740198053639 72.0
49.0 49.279691640119346
26.0 26.18802025843869
98.0 97.46804828301849
26.594642130788095 27.0
179.11744763418668 180.0
112.0 111.71892838822488
49.2367624256119 50.0
73.0 72.29890208084643
97.4337566947464 98.0
89.0 89.69624845943464
21.73628734973811 22.0
99.9708563451502 100.0
32.0 32.620903727536295
21.66850353803108 21.0
97.7920495724655 97.0
21.682191569079418 22.0
17.532995310961294 17.0
21.530536481604912 21.0
50.0 49.88648078099652
89.45444849583725 89.0
32.0 32.6076324820531
49.0 49.61085672306307
179.48995037000503 179.0
18.0 17.21888043586042
179.23511108134403 179.0
21.0 21.245773372776995
21.06638201300303 21.0
7.830838267910178 8.0
73.0 72.24376055554478
49.19879149726162 50.0
90.0 89.57149499204174
17.58745951619452 17.0
90.0 89.69011483323067
179.58575907441357 180.0
21.704983745120966 22.0
21.58103046517535 22.0
21.53468465571725 22.0
26.0 26.082574027938215
49.57002208886016 50.0
179.0 179.3747646819545
89.70001337328549 90.0
22.0 21.154960918490595
21.26492862449227 22.0
97.97277881746244 97.0
17.413317863567382 18.0
72.60435589889764 73.0
21.389743887981457 22.0
49.040617717680995 50.0
49.0 49.31973882066611
21.0 21.821244855103743
179.0 179.2688243570131
179.79601345109964 179.0
180.0 179.27550016067406
180.0 179.80809193914047
98.0 97.20454112619792
111.0 111.2298155978307
179.71419226374456 179.0
179.0 179.90696196506386
72.6412664349438 72.0
180.0 179.5983360486022
97.35996780764555 97.0
17.42493920775103 18.0
50.0 49.29137163598623
111.0 111.71950890907185
72.0 72.90400956386362
111.03383766050993 111.0
90.0 89.22053418104902
72.0 72.60168802475285
179.93459884938275 179.0
17.030614282912165 18.0
17.0 17.929345844917723
179.01183362927787 180.0
26.133080325984746 26.0
73.0 72.58048425259999
72.15041473542851 73.0
17.617406678553664 18.0
21.368611233529226 21.0
17.0 17.675306746532755
111.51166667188276 112.0
72.54023698098028 72.0
73.0 72.14311257553202
22.0 21.94387952317036
73.0 72.06361009040137
72.0 72.62281209288913
26.316118998462443 27.0
21.613142639491013 22.0
97.46355773760793 98.0
47.93300810079131 48.0
179.0 179.0206690332546
17.0 17.842655033347754
18.0 17.96219001504998
49.61743464045998 50.0
111.67813273133306 112.0
49.0 49.59175126251442
97.5597406884141 98.0
8.0 7.708632383714169
53.70851497783693 53.0
21.741874496873514 21.0
8.0 7.470844738529611
26.0 26.270193229858197
73.0 72.11413320075651
72.79539520330569 72.0
72.26697875778038 73.0
21.36432730714801 21.0
111.48249900074634 112.0
89.38528272243747 89.0
89.59936292285187 90.0
33.0 32.7142771414467
49.0 49.24034706020677
179.0 179.9985132703549
26.61873020577183 27.0
26.0 26.348439324782262
49.98705824310139 50.0
27.0 26.376369320085857
7.0 7.4440601267399416
72.34770164717412 73.0
21.0 21.21393715131863
49.87023831317394 50.0
17.28906003101607 18.0
21.0 21.29232047141439
49.45145347402945 49.0
49.0 49.04157683986104
72.0 72.03472808182711
27.0 26.312861982660007
179.0 179.5436477503786
72.4234556565154 73.0
72.01182109561861 72.0
26.3006714946571 26.0
179.0 179.9285512656051
26.65548582942629 26.0
26.0 26.857245504852447
179.0 179.48506832756863
179.4181033647715 180.0
32.13504712904915 32.0
111.0 111.95578239716292
111.0 111.4729971990903
32.0 32.053226100131425
111.0 111.99722224541776
111.37903564150612 111.0
111.0 111.88208005169997
49.01549470213753 49.0
21.68263071697108 21.0
17.956463818790613 18.0
180.0 179.97259391892663
26.0 26.47782911252216
27.0 26.535552486972957
72.55625087337354 72.0
32.0 32.60926379930821
50.0 49.94459057228845
97.65496453959236 97.0
180.0 179.935575377887
111.72499274622555 112.0
179.43307467194626 180.0
54.0 53.90298003271281
17.211832923976953 17.0
26.68501784191322 27.0
49.0 49.291000635248274
26.0 26.20640958103302
99.0 99.28480657400706
17.162401191965575 18.0
179.80770709051123 180.0
26.820943042256545 27.0
73.0 72.84785186672961
97.89718627423746 97.0
21.0 21.559514394963063
21.0 21.843778118538488
180.0 179.02222474674886
22.0 21.99518197291638
49.0 49.122037085590364
90.0 89.11268255463023
89.57062829007693 89.0
21.797409335770578 22.0
18.0 17.439644232158237
72.0326364920989 73.0
21.816335827434077 21.0
26.866019288892556 27.0
49.07128904201593 49.0
179.63633448619527 180.0
32.0 32.725408771984156
27.0 26.092606173423686
179.5977076453996 179.0
26.83612953925097 27.0
73.0 72.74483923869569
21.419371478155835 22.0
72.35190124328116 73.0
26.96912768192453 26.0
32.0 32.29191991926526
17.044200832291132 18.0
27.0 26.326729693693714
27.0 26.100243718027098
21.031077681476724 22.0
17.31885521291546 18.0
49.01265135163691 49.0
21.0 21.769297954937578
49.0 49.31176826968465
179.89092502144533 180.0
89.0 89.73536847354637
98.0 97.58617975023014
72.67677969287428 72.0
26.01526588915373 27.0
179.17307126167137 179.0
112.0 111.27864033172968
21.021510591154005 21.0
49.94910426016829 50.0
22.0 21.593173834507965
49.0 49.53652223772399
89.76003268391473 90.0
27.0 26.35009384476872
98.0 97.7583311558202
21.0 21.27987779405681
73.0 72.5169140217373
72.81617462836667 73.0
47.0 47.95968537219383
72.75493046269297 72.0
89.29195338799553 90.0
179.49735520006524 179.0
49.0 49.5257080087481
27.0 26.277644901963413
72.0 72.26970932750676
21.623335548478355 21.0
72.89048290437638 72.0
53.0 53.72964850485348
49.760107719890634 49.0
32.0 32.367431099080804
26.310103726593077 27.0
98.0 97.35583302105746
72.207036218302 72.0
112.0 111.79312724102266
32.0 32.91543422059654
97.56973061839163 97.0
89.0 89.9666144871443
72.12752614477172 72.0
89.0 89.93531187165098
22.0 21.135160131243303
111.0 111.36478874040861
111.0 111.25075317573658
26.45954060380768 27.0
53.0 53.07096281179397
49.74632005978833 49.0
32.0 32.875940878181304
22.0 21.28846412176394
32.0 32.13310728212922
97.0 97.19901278409263
49.32585888739388 49.0
49.296867118563114 49.0
97.31033225583242 98.0
26.13892451809157 26.0
89.12604838127156 89.0
17.0 17.890692071766356
17.0 17.735529325399185
49.338409946799985 50.0
53.08901689406897 53.0
111.44520629869818 111.0
49.03471070480747 49.0
49.796550023545755 49.0
47.0 47.216680213506095
111.13189508321187 111.0
72.0 72.46350130434513
27.0 26.115352638457438
111.08709625323675 112.0
53.43851195384515 54.0
50.0 49.01652808193976
33.0 32.23532316413659
72.75038766193882 73.0
26.0 26.20658725396734
111.40989607951282 111.0
97.41717817131824 97.0
89.0 89.19705667701572
90.0 89.75910862376217
49.0 49.372578064828076
21.0 21.96474744333825
50.0 49.53168388676246
73.0 72.33279985933818
49.47522253487144 50.0
22.0 21.69232231290006
21.27746438538124 21.0
17.0 17.196943190868186
33.0 32.64973855451433
89.32093038018641 90.0
26.348010106068482 27.0
32.381458370464685 33.0
49.0 49.30989641814849
26.81736670749429 27.0
72.15703944857749 73.0
26.990915514918374 27.0
179.0 179.6606506784553
26.12517189877247 26.0
89.6425833714383 89.0
99.9069253536151 100.0
179.0 179.2959904339385
89.02010643119137 90.0
97.03718331358048 97.0
22.0 21.390313196416116
49.0 49.78416656437313
26.0 26.70041425158259
72.0 72.32657480757813
97.93795507793487 97.0
32.258718622100744 32.0
49.0 49.981772704038114
33.0 32.653077635226985
111.47195703068942 112.0
21.95145921254184 21.0
90.0 89.35710934829763
111.0 111.86581064152864
22.0 21.48095527861817
72.30630112304212 72.0
89.04374638081842 90.0
89.0 89.72690421396621
89.0 89.19681205608848
98.0 97.67208118852143
89.08019919160107 89.0
26.44326582469705 27.0
73.0 72.87408015825746
27.0 26.575981336338202
33.0 32.22619676053396
89.0 89.56359223900736
112.0 111.12502560996907
22.0 21.962853674206468
49.72545593829435 49.0
180.0 179.04592398549437
97.0 97.34523388389339
26.417825950362044 27.0
21.985851995959727 21.0
89.84825729314966 90.0
98.0 97.35280046119375
21.24227812688092 21.0
26.616510883943235 26.0
89.71141286412109 89.0
179.0 179.5183790975064
49.46554589171375 50.0
32.147812007310264 33.0
72.62741053776891 73.0
180.0 179.55115556369728
73.0 72.39017258481189
22.0 21.185888094947817
26.958206485165913 27.0
98.0 97.72208272704862
17.057319622637262 17.0
49.396476749443956 50.0
17.0 17.448403092358458
17.067965096935527 17.0
50.0 49.71341136812652
18.0 17.512318823271954
180.0 179.23281081081703
49.23231916117769 50.0
111.37928222396745 111.0
18.0 17.29420705586831
89.0 89.52288068880712
17.66050885525711 18.0
26.0 26.932672695290478
111.0 111.86730586344329
99.95060978507055 100.0
48.0 47.58887505448831
8.0 7.319895050699927
21.0 21.96076887945488
49.0 49.847904929581624
179.13578337598858 180.0
32.385506930359064 33.0
97.3041792155656 98.0
32.54390074770283 33.0
21.52291991670212 21.0
49.9604031549173 49.0
89.0 89.66569176292177
97.0 97.98993711508392
72.6607128356176 73.0
17.682421847673734 17.0
111.0 111.27684585879621
53.611958461513 54.0
179.2266827885862 179.0
32.81194738698904 32.0
180.0 179.07140182113827
179.40799790627264 179.0
26.0 26.696259701410263
17.978814455477057 17.0
26.0 26.84135542451537
49.0 49.77432099713267
26.2361907303357 26.0
179.0 179.42363424099955
73.0 72.30345073960198
72.0 72.30313766400134
49.27593683502263 49.0
72.0 72.56486169417745
18.0 17.448008600400154
32.0 32.33294450352822
49.58599241649619 49.0
72.50662622773038 73.0
179.0 179.52594774652758
89.7780482364593 90.0
49.0 49.74063420953091
72.09633122898161 73.0
17.36594779330512 17.0
32.89524609677279 33.0
17.0 17.806346164762843
97.08109229522603 98.0
179.0 179.0162563020445
21.52611720936968 21.0
111.53348468787979 112.0
17.46857133484838 18.0
99.23270682689899 99.0
26.936183063968652 27.0
97.0 97.42479873453895
50.0 49.70722423686489
180.0 179.886611137937
50.0 49.82881924595508
73.0 72.18528509810251
112.0 111.14539670117766
50.0 49.09685218512009
49.24429324059174 50.0
26.79506887178296 27.0
27.0 26.879335777249512
49.93080526425365 50.0
97.10770368358591 98.0
89.5460551682405 89.0
26.461509673303766 26.0
27.0 26.985623001584887
50.0 49.930736367057484
72.0 72.61168022010014
97.13168959978067 98.0
33.0 32.052292229272794
89.29382377458452 90.0
179.0 179.86310340364858
97.61366863490026 98.0
17.481378029733012 18.0
99.50370197087419 99.0
49.754664697457166 49.0
72.14320421986758 72.0
53.57257794693589 53.0
111.0 111.06787900192283
26.0 26.950760553713412
27.0 26.978480500443666
18.0 17.422576718222917
27.0 26.367703840759248
32.144245772098955 32.0
17.665978523099685 18.0
111.34959724855547 111.0
50.0 49.33934528431222
97.91828200596922 98.0
97.93392652490982 97.0
111.0 111.82964818890713
179.1340565034182 180.0
49.00863080651309 50.0
111.0292146603238 111.0
32.0 32.76227330320529
50.0 49.61479466132585
89.23999163063712 89.0
49.008138927988554 49.0
90.0 89.80917361580505
73.0 72.56124182035278
27.0 26.068570048582032
97.0 97.9185914208098
22.0 21.54770191891926
49.80919751792976 49.0
72.0 72.17113901314956
179.08274128412924 180.0
17.952318102759136 18.0
112.0 111.06136791371068
89.13513753669683 90.0
32.73102421315872 33.0
7.634596002783441 8.0
49.71496423314919 50.0
98.0 97.1732744987093
111.71083787438336 111.0
49.7117090061395 49.0
17.365778692727094 18.0
73.0 72.85643857965444
18.0 17.150374401457423
49.44278177985435 49.0
72.63608297107125 72.0
22.0 21.968215817136187
180.0 179.8381480254828
21.897465786564876 22.0
97.3378437599372 98.0
99.77560112229185 99.0
49.0 49.225333681804294
72.46038988563848 72.0
21.289503215854808 21.0
32.092570423501876 33.0
18.0 17.173988283338677
179.0 179.18206950797662
21.0 21.251184298080098
179.0 179.92640934867185
26.672158660739026 27.0
47.0 47.963548030673174
32.58522624572135 33.0
26.0 26.539293049641227
111.33529955996175 111.0
49.0 49.1877804255585
111.7890236592283 112.0
26.13071951944889 26.0
21.471313399037832 21.0
21.309421877449715 21.0
26.148390742494815 27.0
73.0 72.03982369107861
50.0 49.05918338334077
98.0 97.10926091722727
26.0 26.130775150765725
73.0 72.50692814415464
49.256113344232716 49.0
97.08838494752028 97.0
18.0 17.92696263177333
21.0 21.19178362476035
112.0 111.0882030476148
97.68384900531841 97.0
21.498041132514583 21.0
97.15176103415638 97.0
26.19836379136572 27.0
179.0265089167794 180.0
17.817808531877393 18.0
26.25452936493751 27.0
72.98847215175104 72.0
22.0 21.346673179638746
72.53893599996717 72.0
26.578207392207823 27.0
89.77711680750245 90.0
49.0 49.2329623913564
21.676328061495468 21.0
179.38424305968545 180.0
18.0 17.63629070587761
21.707448162205683 22.0
49.058514947838866 49.0
7.0 7.302237134492266
180.0 179.4764068158295
49.0 49.41552529109389
180.0 179.75129905049297
21.0 21.45201029286556
72.3854579606126 72.0
49.0 49.17406816885734
49.0 49.02473994934024
49.0 49.56550700752863
17.0 17.012767753652273
27.0 26.353024568718048
111.74469794404341 112.0
179.0359863356558 179.0
49.92927216504643 50.0
50.0 49.32245493081043
90.0 89.69315368040968
17.0 17.07947111007223
21.46731116988302 21.0
89.0 89.94059884670148
17.653367854812604 18.0
21.0 21.706798181686395
47.8663532526586 48.0
26.0 26.131330435900615
32.95132451961522 33.0
26.09789474172193 27.0
26.0 26.2241137209674
73.0 72.238434466433
72.18836991952507 72.0
180.0 179.56936175545013
50.0 49.413903127308636
97.12999576376899 97.0
26.0 26.27156115712818
17.0 17.910790068438843
99.8187387523372 100.0
179.18961788822563 179.0
111.19855582955239 111.0
99.0 99.19417629341832
17.704948633773487 17.0
32.0 32.73831004827787
21.0 21.77741167197586
22.0 21.946691260008205
21.66693571910087 22.0
17.0 17.151104583986392
32.30745104074035 32.0
50.0 49.90610286784504
179.0 179.19072694966727
72.71545308757102 73.0
32.0 32.17955114498951
7.641057505258292 8.0
111.67137868756382 111.0
73.0 72.11236149419177
21.492771723415945 21.0
112.0 111.15495904230306
90.0 89.69574104492888
98.0 97.88269772011479
32.13996608870852 33.0
22.0 21.57507910304634
50.0 49.83243531005601
90.0 89.64056960674453
179.43038635097102 179.0
97.88007622947507 98.0
49.0 49.84415800604103
21.704081362328104 22.0
17.0 17.45471366248338
26.8020068579658 26.0
89.18028871971565 90.0
90.0 89.850856926955
49.0 49.98112549351317
26.27859452193929 26.0
73.0 72.08476432303154
26.0 26.884998318091057
73.0 72.00267035149739
26.0 26.246257095390643
26.0 26.1409306482471
72.0 72.62040608744331
111.0 111.81793093081842
26.20351415550585 27.0
26.414944282998345 27.0
47.612432288817494 47.0
73.0 72.40617317930158
73.0 72.95012659993321
98.0 97.69848720895018
49.83283301758681 50.0
99.09321090915263 100.0
111.0 111.15152949262878
32.12581251301085 32.0
179.0 179.69755689318418
26.948869904491538 26.0
21.847161809792077 21.0
72.0 72.85672743812849
49.500681871613736 50.0
111.1209955145035 112.0
72.80859396374676 72.0
26.51095773245898 27.0
53.75885486534128 54.0
72.24415464114878 72.0
72.15055422264506 72.0
21.31264374779505 22.0
17.85262360249096 18.0
21.922264434890163 22.0
180.0 179.4988318253247
179.73284658623285 179.0
72.73724011184433 73.0
7.0 7.7803025790905975
21.840629876608556 22.0
49.09326427434533 49.0
27.0 26.510412008450015
49.0 49.00210298144818
21.19708836260459 22.0
26.778453178107345 26.0
50.0 49.76815327558558
21.441385148389006 22.0
53.367190452062594 54.0
21.12194871092112 21.0
97.0 97.61197264672491
72.0 72.92531791158031
89.0 89.66453371216666
89.98885658007345 90.0
18.0 17.99100193716126
33.0 32.749055539982535
27.0 26.87877100682294
50.0 49.39037164800555
49.522933775936934 50.0
111.0 111.67652495632454
26.0 26.830490456166935
112.0 111.52698266088376
90.0 89.86002266566368
72.0 72.21016601576058
26.3687193146259 26.0
49.0 49.14688038629227
72.56699911907052 72.0
32.0 32.522979994966484
33.0 32.91085518926487
17.0 17.647697858174375
179.63669064048528 179.0
179.21406908037628 179.0
21.230167777300593 22.0
97.3727425603324 97.0
7.663285189521809 7.0
7.376715072317715 7.0
97.0 97.4509903715274
179.63557335433566 180.0
33.0 32.431746926566674
72.58215978625772 72.0
17.917399064636097 18.0
179.88774212989716 180.0
49.60847948264241 50.0
89.38023463350771 90.0
17.334237207661072 18.0
111.53590086907273 111.0
18.0 17.756413228436774
99.51295284594607 100.0
97.09717599238529 97.0
111.6055205142217 112.0
111.0 111.31734228487585
33.0 32.69935673228207
97.9891243311864 97.0
17.0 17.149764487517956
17.762090444642702 17.0
26.0 26.163690333746306
112.0 111.5123650611455
21.372260871260323 22.0
89.84949053041431 90.0
112.0 111.65783479836469
50.0 49.84251251889016
17.0 17.373657604509003
111.0 111.95540532971052
49.553760700458106 50.0
17.167587918097517 18.0
179.0 179.1739383404867
18.0 17.969088704139875
111.51629430708672 111.0
112.0 111.6954764884596
97.0604718308613 97.0
22.0 21.64300320930705
72.31924114924067 73.0
49.0 49.987878541458386
17.64085791578272 17.0
21.0 21.88719348913171
21.66887688562095 21.0
72.48230036422785 72.0
97.0 97.5409181067141
32.46441441671151 32.0
72.0 72.32332210577238
50.0 49.17489829637868
98.0 97.95701737874508
17.0 17.217770147493177
111.14585440019893 112.0
18.0 17.77689463930683
26.0 26.170264032160087
72.32226070319639 73.0
32.0 32.59312648490085
89.0 89.36646938704683
180.0 179.99810625993516
26.3455988885535 27.0
73.0 72.27175990221541
26.583320185820035 26.0
17.555295320912446 17.0
50.0 49.02648700995419
49.0 49.20997634278216
179.6740208560786 179.0
22.0 21.173560338642627
17.76358095495519 17.0
7.0 7.22152861006969
22.0 21.499110147026403
49.0 49.705177629957774
111.0 111.84074126931795
179.90914551282196 179.0
17.12631759608967 17.0
89.84427849862267 89.0
47.093869673445305 48.0
17.0 17.267359051226705
72.0 72.03626854506597
98.0 97.94232666761395
90.0 89.31876374930327
111.72674895971086 112.0
48.0 47.18465678086023
17.065031538063195 17.0
22.0 21.932117164775917
49.0 49.66911266815737
32.0 32.13070439644182
111.22262461913289 112.0
49.399701358607885 49.0
89.0 89.77584677682434
48.0 47.244740411077956
21.463885830404777 22.0
111.1673717252351 111.0
97.65979794665454 97.0
49.35132493025532 50.0
17.182765966292198 17.0
97.59051537509652 98.0
32.0 32.6919295898798
73.0 72.8931500434411
22.0 21.071498697307632
99.58998722665656 99.0
26.156036833356413 26.0
22.0 21.091301373596696
179.0 179.43593886740825
32.98300893075291 32.0
48.0 47.969726327298
53.473555562014624 54.0
32.14678002006396 32.0
17.05059008595487 18.0
47.631804421036385 48.0
72.0 72.98000903601925
32.38014969705084 33.0
21.631296395697923 22.0
33.0 32.83643561640681
22.0 21.62107614484755
32.0 32.84704407387412
7.757367786889209 7.0
49.120679260050814 50.0
179.0 179.43096116057146
26.0 26.174369447333994
47.02348774675557 47.0
26.0 26.386716390258737
18.0 17.778255447047492
89.19648734786674 89.0
111.27725640803389 112.0
99.0 99.54490400986091
17.26862711498446 18.0
49.0 49.3559050926904
50.0 49.727799637838416
27.0 26.15651472319422
21.0 21.7502170630826
72.58074173854892 73.0
98.0 97.17075356540752
22.0 21.023125691137626
49.0 49.26633764778103
111.13935578394656 112.0
111.27020034932642 111.0
97.0 97.64871896141334
17.0 17.619355945647953
97.0 97.51645775135918
100.0 99.89812381932661
49.95409775097158 49.0
72.0 72.03048332860175
26.79258574836135 27.0
97.07214811545246 97.0
32.34151116646252 32.0
33.0 32.65665691092362
179.0 179.35598399003186
89.2661369257332 90.0
179.0 179.6484327844773
73.0 72.17662654929954
32.0 32.05458806472984
49.0 49.85373488087939
49.151127124050596 50.0
26.0 26.14041175689451
97.22135132081712 97.0
22.0 21.264170638850516
179.4026836442972 179.0
53.0 53.44567898060551
26.971635708852933 27.0
21.07453363741139 22.0
33.0 32.553914800386764
21.462955208910202 22.0
50.0 49.91618801665503
32.3617168267042 33.0
180.0 179.98653561181152
17.0 17.6619538245395
73.0 72.80232824975116
32.0 32.07089579288684
72.0 72.22604720154517
180.0 179.9709290283131
32.13486241570426 33.0
180.0 179.94034299234394
112.0 111.022704575044
72.0 72.84568835239725
49.09516536776108 50.0
111.0 111.07322525131568
98.0 97.52661687789843
26.0 26.651406254535175
32.130566511976 33.0
97.0 97.13325342655189
72.65893981782884 72.0
112.0 111.89639272989476
49.0 49.185760400040465
89.06411044759824 90.0
26.477867556029455 26.0
17.464512471763836 17.0
27.0 26.37225444233824
32.04422363023347 32.0
27.0 26.060107587715407
179.0 179.11893162152003
72.30877055995572 73.0
21.90143611730341 22.0
179.0 179.48663717006912
97.47302662983246 97.0
72.40653132888187 72.0
27.0 26.541881369376863
32.512539834431415 32.0
26.0 26.829369528222387
27.0 26.034749134001235
21.09346432060509 22.0
180.0 179.41240040060976
72.4207620440005 72.0
17.0 17.51401354735434
26.0 26.01147319437582
49.0 49.969050144349545
32.834572398630506 32.0
54.0 53.553411843100506
97.0 97.89974865370888
26.0 26.495847146099
50.0 49.2924237026461
27.0 26.48152008785637
73.0 72.42327523448319
72.0 72.12374829387247
72.0 72.51234497067162
17.0 17.913016578963568
98.0 97.52917987134255
98.0 97.80074019759631
26.13392642218958 27.0
26.0 26.918419847362692
49.2496273115672 49.0
21.05372125079924 22.0
73.0 72.87626311753657
72.0 72.49794441562366
49.329479722795824 50.0
26.0 26.683293085694594
111.14197306237075 111.0
26.0 26.397141367762114
47.40187059373924 47.0
49.7590549650405 50.0
89.0 89.05126117817018
89.1908376609043 89.0
111.06064981071778 112.0
73.0 72.4390949348793
22.0 21.036093344435024
179.0 179.15910461893446
26.647615784579845 27.0
48.0 47.829813844604175
32.904527630589044 32.0
50.0 49.578747091926836
179.83375799279597 180.0
73.0 72.10060959037291
26.175467479131854 26.0
111.59080189987449 111.0
18.0 17.47644883465374
99.6781584274864 100.0
53.0 53.22903409361043
98.0 97.62400128637888
27.0 26.813290723919085
89.72707234897767 89.0
49.0 49.40924966941049
49.0 49.30995650564287
98.0 97.42273268327304
26.41806241986174 26.0
26.775496424817092 27.0
179.0 179.55843189370904
53.13266559207223 53.0
112.0 111.02961180377861
98.0 97.69200591528897
18.0 17.49729629613216
17.0 17.029438867512145
26.589335992789255 27.0
179.9341225206276 180.0
89.43236921161878 89.0
7.483901696116398 8.0
72.60709260910221 72.0
97.82301216333676 98.0
73.0 72.75738712251388
90.0 89.96683866971198
72.81694841704947 72.0
21.764375241123822 22.0
72.0 72.20891496013257
17.642894181693602 17.0
17.0 17.92194607754874
21.0 21.252529757605163
97.58751823405716 98.0
97.0 97.01344186726364
32.0 32.086745788085075
21.91154848188243 22.0
21.36643833499224 22.0
89.0 89.27145594530529
21.331171469276065 22.0
97.78811642238641 97.0
49.90316153265026 50.0
179.0 179.2857338559969
47.485824805875986 47.0
21.0 21.79452336050474
111.0 111.56993719116313
26.584197781882548 27.0
50.0 49.68020283135542
32.248708430031556 32.0
8.0 7.638794120724966
47.0 47.40622204402667
49.78281975785462 50.0
21.0 21.632133299742193
32.0 32.98252213504569
26.0 26.207972483573556
21.850187209850414 22.0
72.7983434834561 73.0
111.61337801375443 111.0
50.0 49.82618763465113
26.075575509135355 27.0
22.0 21.679560888019992
111.75383467838438 111.0
7.596923806656192 7.0
49.0 49.073428600713775
17.451383864703605 18.0
32.0 32.15849399938511
179.46774037988806 180.0
180.0 179.1968265402297
33.0 32.06237583823061
17.28728515143206 17.0
49.72521562140276 50.0
18.0 17.52972963105767
47.0 47.38168733237499
21.0 21.085313582236928
111.0 111.07330623753128
26.0 26.339068188808763
21.428393515770388 22.0
49.32035930782731 50.0
97.16566315336317 98.0
26.0 26.866282450686043
32.33327667932938 33.0
111.0 111.50100949299105
90.0 89.58076590657618
27.0 26.47808180931731
26.18506986372969 26.0
26.0 26.960905320586992
49.0 49.63115498772436
17.549549356613383 17.0
17.0 17.1379033917556
21.32275991950399 21.0
97.80702412378308 97.0
180.0 179.50968703517032
32.01677533424487 33.0
111.61980723994026 112.0
89.7217928504894 89.0
22.0 21.6752541276491
72.11207125758894 72.0
72.0 72.50124371749834
17.0 17.478545015660515
21.0 21.007135320366324
98.0 97.09299088798798
17.849785243461106 18.0
32.78066124381176 33.0
26.0 26.112653183129723
89.30864701579539 89.0
49.534846924596366 49.0
49.0 49.63922186131446
97.79140768316452 98.0
111.07574329059982 112.0
17.0 17.39766974189514
50.0 49.00549933077571
47.756821555360446 47.0
17.6286744791355 17.0
72.97663054207322 72.0
111.17073995921383 112.0
17.0 17.8401340162842
90.0 89.58439826358044
72.14615876490052 72.0
179.0 179.8340942448629
72.263250057338 72.0
18.0 17.639111993767834
98.0 97.93497020643632
50.0 49.15531594517729
21.0 21.607219819622216
111.02014083642312 112.0
32.0 32.557022460337116
47.0 47.768944798602895
50.0 49.84366533017292
17.70523193500148 18.0
90.0 89.2613864886897
33.0 32.363281935742904
111.07650916873665 111.0
89.0 89.69181190722077
26.342781096133297 27.0
49.0 49.33050902333947
26.154758589360554 27.0
50.0 49.15820394312189
17.372443943696883 18.0
21.525690558502117 21.0
50.0 49.020405995166236
73.0 72.1728506177676
17.335373410925595 17.0
7.689257571695402 7.0
27.0 26.990422088783166
22.0 21.4256466286411
21.0 21.846383350244714
179.98275379305156 179.0
97.68203912461556 97.0
17.0 17.125738018477794
49.081505029532536 49.0
72.71152742894739 72.0
98.0 97.7385953147193
111.0 111.77109816791193
21.161769544743443 22.0
73.0 72.91812322059856
26.416462015776357 27.0
111.0 111.86430617289942
72.83729718088172 72.0
32.70050450554746 33.0
72.0 72.87698669465044
72.0 72.45702360373079
89.0 89.29452243422962
49.0 49.991624677215064
17.0 17.04714145710243
8.0 7.032197852240375
49.895617244214364 50.0
97.0 97.27513714170657
73.0 72.309780031799
73.0 72.03101039991361
50.0 49.47392465215418
89.79654603645768 89.0
17.09421042525855 18.0
72.60146727578542 73.0
21.0 21.081532414800048
49.41982007957625 49.0
49.2259200303296 50.0
21.386766271472304 22.0
49.15936526207056 49.0
22.0 21.779925547012784
21.150829196580542 21.0
179.27259142863088 179.0
89.23291625907883 89.0
17.13833076373837 17.0
72.75063397291919 73.0
21.0 21.72003496931214
72.0 72.68304763987715
89.30128438528746 89.0
97.10072238450687 98.0
26.360011673215844 27.0
49.0 49.928690762859546
111.0 111.67275472330068
89.33448498959606 90.0
27.0 26.959441839364633
18.0 17.61226815125877
89.77489694653536 90.0
111.95052126075979 112.0
72.57729701430137 73.0
97.32116447042486 98.0
21.0 21.15233836931957
26.626868406566253 27.0
97.1848669490081 97.0
26.46102708209971 26.0
179.0 179.9809718436653
21.710809434100216 21.0
26.60769488226602 26.0
99.20702842971401 99.0
50.0 49.21864008484521
179.0 179.5561968392446
72.0 72.57369181752155
17.579472767967033 17.0
50.0 49.26395957294015
18.0 17.47263130738565
26.54450487645567 27.0
17.0 17.529834399483615
111.76142477791542 111.0
26.88782753223677 26.0
27.0 26.340097359777214
72.0 72.20162133798767
50.0 49.34668776759603
26.0 26.024595337477194
27.0 26.889593852695853
179.2269209215347 179.0
18.0 17.563477582673748
17.11056950999359 17.0
89.14737901788763 90.0
89.78261372766215 89.0
17.380953088139037 17.0
111.25482195990236 112.0
179.0 179.8264606928193
89.0 89.69078328041425
50.0 49.59034823924117
27.0 26.19059596155089
17.0 17.29923929545505
112.0 111.36042606448967
26.6546047004825 27.0
111.0 111.65910265197887
49.69236486234979 50.0
49.32625415848475 49.0
89.0 89.46084087221672
89.59512433262844 89.0
26.520424749160192 26.0
89.54309169388439 89.0
22.0 21.281068917241708
26.15294330561208 26.0
90.0 89.21557380545599
49.76558973266219 49.0
26.0 26.433112929324263
73.0 72.42169163519897
27.0 26.248037006536816
179.69032009438135 179.0
111.01544825587817 111.0
17.272049406998054 18.0
26.457242166869328 27.0
49.0 49.18663643540888
49.65039213610474 49.0
33.0 32.235199583534744
179.1420669967395 180.0
26.029338346829157 26.0
89.0 89.06074676133538
73.0 72.76033922954483
22.0 21.142975267760125
26.0 26.02868830425982
27.0 26.333529925805752
17.235041829839634 17.0
21.84988867521614 22.0
50.0 49.96108308593971
21.535246291691497 22.0
72.7312890382347 72.0
72.45656528626998 72.0
49.86379180615376 50.0
32.32904084916407 33.0
50.0 49.55363860829753
179.0 179.96637636701988
49.92468190761183 49.0
179.40214635710004 180.0
180.0 179.98380049740433
112.0 111.8774494152647
111.82443346673334 112.0
180.0 179.78891543291644
89.0 89.96878671848593
26.369990252164406 27.0
49.0 49.7446527757559
111.93916522351013 112.0
27.0 26.978421626756326
26.42765661448793 27.0
26.052561463102876 26.0
21.064860850409662 22.0
97.62931320048236 97.0
26.0 26.475831946747025
7.718407403982242 8.0
26.0 26.890353200381675
50.0 49.22320716857731
97.0 97.55245598194365
90.0 89.886920783544
53.88326520874701 53.0
49.077712013894946 50.0
112.0 111.15562902789272
179.9051686366054 179.0
180.0 179.54209619059804
72.31759353952808 72.0
32.11160174966738 33.0
27.0 26.68045639697748
21.732206263123317 22.0
21.865369108694555 22.0
89.0 89.82188490661542
26.664660243683183 26.0
49.0 49.626250340980704
17.0 17.434058309576937
97.0 97.9099980879801
21.98730402785997 21.0
26.71763158733922 27.0
111.0 111.0573708287661
179.0 179.05534591249628
26.363200776125524 26.0
53.606881813815384 54.0
179.55471512342814 179.0
17.288521647668528 18.0
97.88541031230872 98.0
49.0 49.84457786112852
53.65422225656581 53.0
26.65312572807089 26.0
7.354544262437642 7.0
17.0 17.8172691128846
90.0 89.91307575937704
49.0 49.605747465675286
49.0 49.32305254464993
17.898159272086563 18.0
50.0 49.33756414951537
98.0 97.03082052656762
72.88772655143657 73.0
33.0 32.959308353444385
179.02916285649852 180.0
47.626244491143055 48.0
17.0 17.64120654105049
50.0 49.100626359875015
49.0 49.517495975905604
49.0 49.33987202647186
22.0 21.260698055292185
22.0 21.59636764564684
179.45131741198443 180.0
47.0 47.21209441416172
17.0 17.65017087029014
97.9877687644379 98.0
179.63893929849476 179.0
26.0 26.64863885112763
49.505401060607426 49.0
26.12941449026432 26.0
111.20481402376302 112.0
89.01864787197788 90.0
49.0 49.53272693769882
53.2101366594604 53.0
21.0 21.769526437120906
32.99389011864792 33.0
21.106129844576515 22.0
49.0 49.91540323597241
49.88275086435192 50.0
50.0 49.888845115488216
21.0 21.11716693443649
49.88515511098664 49.0
47.31168507025285 47.0
179.05248925486018 180.0
100.0 99.00781024001367
89.92415012181976 89.0
17.50562958091137 17.0
32.64480098790171 33.0
97.23303845875532 98.0
97.63336461255894 97.0
49.97367284509463 50.0
73.0 72.15417703943086
179.0 179.05632586567475
26.357803490332937 26.0
179.99890128603172 179.0
26.103525424424102 26.0
18.0 17.295884927043275
111.99936932238741 112.0
180.0 179.64767541339668
26.0 26.966059558518708
98.0 97.78840782260951
26.94768609222539 26.0
22.0 21.434958273739685
33.0 32.556506374215466
111.0 111.36421574336656
17.0 17.089520280942978
97.25321062185422 97.0
49.566574542734585 49.0
21.051348014694497 21.0
180.0 179.06550238049618
27.0 26.603421850717417
32.640463044034334 33.0
49.420425896902856 50.0
73.0 72.25817988022206
47.78853299292643 48.0
49.96345416983364 50.0
26.461292819342546 27.0
54.0 53.99343959161091
72.40671729077917 73.0
27.0 26.66220936661962
72.95655984574445 73.0
89.89863844182328 89.0
97.0 97.64196168106233
33.0 32.96018595213367
179.4391183145669 180.0
49.0 49.82760830027829
98.0 97.76442607576257
17.686760479759513 18.0
18.0 17.41442818060027
32.521015623026045 32.0
89.80042051729768 89.0
179.0696648185584 180.0
21.013859255915023 21.0
7.208558303243802 7.0
17.0 17.405241531214823
26.576682166234896 26.0
97.62021059987963 98.0
111.20618095259854 111.0
32.459233170254244 32.0
17.491178984967664 17.0
53.0 53.94459949436461
17.55280664191181 18.0
21.0 21.52582512668798
179.85699042277963 180.0
17.174729877280292 17.0
49.956023897265126 49.0
50.0 49.901670318266426
26.181407830281437 27.0
112.0 111.33246025077105
72.3514399938991 72.0
21.905210156897606 21.0
49.0 49.024278250548996
180.0 179.67419961522808
180.0 179.58350277070204
179.0 179.6020652395584
73.0 72.1421957848716
179.0 179.1143517711757
49.0 49.13735769745838
111.0 111.61659985122628
89.0 89.56314359443039
90.0 89.77043642005418
97.89041769546417 98.0
54.0 53.79304338968806
111.60735377904511 111.0
99.0241163437924 99.0
33.0 32.69165684507283
26.606885974663182 27.0
111.0 111.6676075719921
50.0 49.98631115451104
26.621255167700777 27.0
26.097219104344536 27.0
50.0 49.340450559730556
179.2313888244671 179.0
89.21889495070538 89.0
98.0 97.26392708361801
180.0 179.11778004822068
27.0 26.15553644172767
112.0 111.28158588115122
47.0 47.83620843730009
98.0 97.92333806524083
89.0 89.88463395929676
89.94463048312996 89.0
98.0 97.92098227567391
21.042810954581512 21.0
89.00345643368156 90.0
49.0 49.812116149260326
49.01916052646288 50.0
179.66902271145335 180.0
179.0 179.39783835039458
18.0 17.598356903922515
17.0 17.829871316354403
26.988012570854814 26.0
97.0 97.74387383194926
179.0 179.26891115070117
17.170102513403688 17.0
97.0 97.89711284104736
17.16996348292397 17.0
97.0 97.86563803858702
179.39442694868652 179.0
50.0 49.97390322876106
26.505070400490457 26.0
90.0 89.6436136192592
18.0 17.283403207308506
72.03650781679201 73.0
26.473770541943487 27.0
32.12568455589857 33.0
179.53051260158168 180.0
26.587595691737235 26.0
111.1372560516578 111.0
180.0 179.23175800833454
49.88376422947321 49.0
89.0 89.1956245393848
17.293978955524484 18.0
49.9555469948899 49.0
111.78452248038285 111.0
32.816863284668926 32.0
49.0 49.97907389543464
111.0 111.59623361293217
99.44345363591691 99.0
99.0 99.63134378239175
97.797381618396 98.0
89.59144955567781 90.0
48.0 47.222485600984264
72.67405243600469 72.0
49.82416016381705 50.0
26.73215550093271 27.0
21.46293318653959 21.0
26.078671021799853 27.0
72.19243933119306 73.0
17.36255606587047 17.0
18.0 17.449463535557104
21.59197274516408 22.0
72.0 72.3476586192909
53.51205094885965 54.0
89.70472406836917 90.0
17.0 17.409741598648676
21.842032929198403 22.0
72.0 72.41399929197527
73.0 72.13213410160618
50.0 49.21297257089015
90.0 89.82103942667295
22.0 21.712850235536163
32.36166332463065 33.0
97.66279864420764 97.0
49.0 49.29077821208993
17.984707043588713 17.0
97.15058487919516 97.0
179.82466909050305 179.0
17.0 17.92276785972849
90.0 89.33554480689277
32.895550456635924 33.0
26.0 26.80856844360474
22.0 21.283182417690895
26.0 26.535231818219227
97.45424722118037 98.0
47.98098887859097 48.0
73.0 72.88759380170796
27.0 26.367482469829206
111.37675392674397 111.0
112.0 111.13371969350702
17.0 17.671014301103508
89.96648137520833 89.0
17.000969489814153 18.0
179.0 179.32854178363627
72.81900565432595 73.0
26.0 26.605134669059403
27.0 26.770560293514723
33.0 32.78935129129719
111.6685636528759 112.0
48.0 47.24479913251421
32.187395837254606 33.0
54.0 53.758922260270516
89.51445925653587 89.0
21.06195927206169 21.0
53.459006333486535 54.0
21.0 21.125006704081617
21.84986787934901 22.0
17.0 17.378802719473388
97.71896260318715 97.0
18.0 17.092952883330405
27.0 26.301354429295863
26.22979373590117 27.0
73.0 72.46462800613199
97.32066905040715 97.0
73.0 72.61015654957379
180.0 179.16328234335757
89.0 89.7477615606042
26.904540233727243 26.0
53.0 53.21829595185789
53.39336909624237 53.0
32.47377386419729 32.0
50.0 49.58429469804625
89.0 89.40713140919168
97.51737335955757 98.0
21.58134516749761 21.0
21.0 21.520291955516868
49.0 49.58240874177397
50.0 49.74117890248672
89.76493390403971 90.0
179.0 179.1926161297154
26.420333700158555 26.0
179.777737045741 180.0
112.0 111.19890636803794
179.23439714735918 179.0
112.0 111.72178896731631
90.0 89.70908450420018
89.99929349954834 90.0
89.98241415591131 90.0
27.0 26.165706408605985
26.14247971332104 27.0
50.0 49.00083881489638
26.3434890125008 26.0
33.0 32.6186204332143
17.05537700357782 18.0
98.0 97.92944324257203
26.0 26.844558637571126
26.736623268040383 27.0
26.0 26.95783698176213
22.0 21.637355832974073
111.0 111.45101388843783
98.0 97.40194233571447
21.886571054064504 21.0
72.0 72.29451490164537
32.0 32.99955169481861
179.0 179.85455388230795
49.0 49.58825322689479
72.72275958968183 73.0
111.06585707423703 112.0
27.0 26.84368079718987
26.0 26.165686199328643
53.987897013507194 53.0
53.24845521024728 54.0
32.67603078453901 32.0
17.172410654023487 18.0
89.0 89.2610686184604
17.11040033039542 18.0
21.0 21.21881578395845
49.95844478153747 49.0
73.0 72.50675942737968
180.0 179.70110269704148
32.57171848305018 32.0
26.0 26.25940047119481
17.27597456763764 17.0
33.0 32.73762558196956
72.0 72.96305492920655
50.0 49.71086570630174
49.59535611368955 50.0
18.0 17.168186782639864
49.79874419107758 49.0
111.45606137012093 112.0
49.59312641534387 50.0
89.0 89.48826681224489
32.70914082160196 32.0
47.0 47.91157241664243
179.62622185815786 179.0
179.16542260452212 180.0
26.837205633620588 26.0
22.0 21.483575362073655
97.61043386866322 98.0
18.0 17.057845038482625
27.0 26.723983129352533
53.409266138147984 53.0
111.98999929188389 111.0
89.00726429875294 89.0
32.0 32.5539711837275
89.21703809769238 90.0
49.45488873133715 49.0
21.48603591803267 21.0
179.87509787435926 180.0
73.0 72.87123430539745
111.1280175267687 112.0
26.188781898033888 26.0
179.0 179.40726692476528
26.74825329599292 26.0
47.49412810215028 48.0
49.31852498127456 50.0
33.0 32.14678724245358
21.703861601995456 22.0
50.0 49.55549517056075
21.060354484596903 21.0
112.0 111.89234725130812
21.0 21.701634097657056
21.257998346661388 21.0
180.0 179.83269545741598
21.0 21.62528472003114
17.770397623380795 18.0
17.210025423617505 18.0
49.26829525944551 50.0
50.0 49.119087529520165
17.426677247261175 18.0
26.0 26.79613823485646
47.76630856832278 48.0
73.0 72.35436049628747
27.0 26.97874790154367
50.0 49.619481773515204
26.18322401836224 26.0
49.0 49.60206833784462
21.622053644079624 21.0
50.0 49.589042491175626
89.0 89.67348441669148
26.29810689903777 26.0
98.0 97.86157716011549
17.954107547672535 18.0
89.0 89.29351438792875
26.60947305154197 27.0
72.38528373106595 72.0
22.0 21.908899077526787
97.57440038066306 98.0
72.04990856522936 72.0
21.0 21.723281766897404
26.0 26.966165086876945
111.17858688067749 112.0
179.3648345617697 180.0
90.0 89.70756324381894
26.3351069726942 26.0
97.0 97.52991230079732
73.0 72.37130415681155
17.771016816636745 17.0
111.0 111.15800371345574
26.293159329329104 27.0
22.0 21.71779663405618
112.0 111.87763307379244
17.973413498146833 17.0
180.0 179.8122264941334
179.76261598602505 180.0
32.65349662241586 32.0
17.502329487156846 17.0
179.470672029186 180.0
32.140735082277295 33.0
179.0 179.29214560911373
32.0 32.13444469691619
21.0 21.282217707092645
89.10588056095133 89.0
17.614726728608797 18.0
97.86171383919582 97.0
17.60977098045957 18.0
26.0 26.25828342044476
8.0 7.826127360211811
90.0 89.34309945808882
26.0 26.975533146394895
21.0 21.255875577106885
179.29491483299984 179.0
21.68223795385387 22.0
73.0 72.21318036486255
18.0 17.342106416080547
112.0 111.72264291679939
89.17238082390487 90.0
179.17944797304156 180.0
89.0 89.82067634853458
18.0 17.007334981456953
112.0 111.25176076662842
72.0 72.1637658422248
179.11003416090773 179.0
17.983057471924308 18.0
17.71454698256438 17.0
111.04518103916405 112.0
89.53809712470225 89.0
72.0 72.01382217005005
26.0 26.08573807082002
179.0 179.71938334005938
49.03217772858007 50.0
22.0 21.7422512732652
17.0317962972722 17.0
89.74879116206934 90.0
32.0 32.95145346877823
112.0 111.12055946071857
47.367689092324795 47.0
180.0 179.1960936878855
50.0 49.15879938755485
97.08115139830478 98.0
7.911084336455987 7.0
22.0 21.633683231992396
32.544909395116974 33.0
73.0 72.32091875666777
18.0 17.7977169432205
72.0 72.48785021681022
32.965237090526365 33.0
18.0 17.57213326334182
180.0 179.21301468389007
49.61761849827802 50.0
180.0 179.69882038804244
180.0 179.11953561876197
98.0 97.5377904356451
26.593933383852757 27.0
27.0 26.221767588752535
21.074945951932968 21.0
26.0 26.94708897196982
49.662025060366034 49.0
21.01864153440072 21.0
21.841042191765304 21.0
72.36447352311328 72.0
49.91301264683333 49.0
90.0 89.3885438124375
49.1679170224556 49.0
180.0 179.27772216477103
73.0 72.55810218303581
27.0 26.73121346825041
22.0 21.952163959879574
48.0 47.7522647890144
72.24833737497305 73.0
21.933549230749286 21.0
26.035604695930928 26.0
72.0 72.75292833033606
111.2240063350212 112.0
49.21272695540317 50.0
180.0 179.47903528593875
32.875567389309765 32.0
97.0 97.32783337326997
21.0 21.031940903005808
27.0 26.16195085699292
112.0 111.33251132567847
180.0 179.1851276981952
32.18384757052816 32.0
72.0 72.08321561943637
50.0 49.70264645055366
49.0 49.899188168282826
17.0 17.487111372476548
17.609978671813543 18.0
49.04495836103662 50.0
26.650481448945737 27.0
32.0 32.707648277219874
111.50059977436433 112.0
111.56260386477483 112.0
89.45313680723801 90.0
47.0 47.41464573733886
49.0 49.87946171153351
47.0 47.31112570901493
22.0 21.777693368778703