25.0 25.21376161127737
10.83368310635422 10.0
25.906689950525113 25.0
25.0 25.514414338055598
11.0 10.61086461208164
11.0 10.299624909617478
0.9763216587606361 0.0
10.40073965568818 10.0
10.4848161708497 11.0
0.40346698894040844 1.0
11.0 10.580140738337542
26.0 25.5618043878733
25.445663086164295 26.0
10.0 10.36020254927458
10.0 10.365315790189584
1.0 0.1443614369258045
10.0 10.036317391238924
1.0 0.1394836080801658
10.574587328980938 11.0
11.0 10.62451439557728
1.0 0.18371960163771084
0.0 0.04117618452876459
25.991418849294664 26.0
26.0 25.632997100694435
10.618764694147318 11.0
25.91560381010955 26.0
25.682153283770322 25.0
11.0 10.98107222828127
10.951347884879635 11.0
25.0 25.75452694472738
11.0 10.944859349477467
1.0 0.6823939017293487
1.0 0.9335192928569755
11.0 10.984298859674315
10.0 10.512773830252126
10.734468142428836 11.0
11.0 10.887544375022882
26.0 25.528613277764247
25.0 25.532653969203434
1.0 0.6520313037122879
10.0 10.196101316235895
10.868381918527264 10.0
0.5754274766202847 1.0
11.0 10.190305410740212
10.458360231891291 10.0
26.0 25.430820060732902
25.0 25.816281434052065
0.6073444755519063 0.0
1.0 0.6336457628786872
25.0 25.31647128686651
10.441949936879727 10.0
0.5057132591717715 1.0
0.0 0.3909943976430096
25.1105344422092 26.0
25.0 25.983308855574414
0.0 0.2908248797800753
0.9595027420004046 0.0
25.383039506971873 26.0
26.0 25.137540091655914
11.0 10.846336891782816
0.0 0.4885442734110387
26.0 25.57713991290444
1.0 0.8327294039154972
10.620362804780239 11.0
25.55524874702936 25.0
1.0 0.7711865151566656
26.0 25.967712135480934
25.56504231228543 25.0
1.0 0.36308643213289316
1.0 0.9823200121618364
25.06501031699924 25.0
1.0 0.8489423689438866
0.5794971658124062 0.0
26.0 25.451334472574743
10.538080156502264 10.0
1.0 0.37508592241053784
25.0 25.80540711368121
10.960281669032474 11.0
25.859364136087486 26.0
10.82005744217793 10.0
10.0 10.738388237164042
1.0 0.4313671198165715
0.0 0.03906379352921019
10.0 10.888722231764493
0.32974521469096874 1.0
25.866642758188338 26.0
0.0 0.008946692324117711
0.9331200168480462 1.0
10.195007855708326 10.0
0.8848670843916012 1.0
0.7535731813919524 1.0
1.0 0.04734553714453682
26.0 25.627626460569275
26.0 25.741174994915887
25.58520338878914 26.0
0.0 0.5954412923180763
1.0 0.22579018117572336
0.0 0.2869532358625204
10.0 10.106980166866055
0.7675548755234243 0.0
1.0 0.5841700248974164
25.0 25.762526179006162
25.0 25.747761232456174
10.461541561553581 10.0
0.0 0.7605205304246527
25.65405899377643 25.0
10.0 10.031305966328228
25.0 25.704226915449087
0.03982327054039525 1.0
10.0 10.156368276153819
25.463283224987887 25.0
0.7029326635314503 0.0
10.851900725940427 10.0
10.80428109864522 11.0
25.303949313136105 26.0
0.2517198500225025 0.0
10.066636013839293 11.0
26.0 25.25950598672892
25.40727072676957 25.0
0.9951769356405104 1.0
1.0 0.3775923572542317
10.487749625433276 11.0
10.65881453972583 11.0
0.09707999894579122 1.0
0.7012891603679446 0.0
11.0 10.191905443060033
25.7292702447057 25.0
25.740147419756262 25.0
0.728365476119248 0.0
1.0 0.7561826680855193
25.77158140757988 26.0
10.355770594666064 11.0
0.16572235313075578 0.0
25.45902927531759 25.0
25.94622089143529 25.0
10.039307426987982 11.0
25.348780907731232 26.0
11.0 10.33129477017947
25.399161222179 26.0
25.06729138288415 26.0
10.700818687193976 11.0
25.0 25.841517774417376
11.0 10.192595341226484
10.0 10.203002824536703
0.9315404671873552 0.0
26.0 25.5654798376132
10.045168093770524 11.0
0.507359638174265 1.0
25.05481327907113 26.0
25.686089912294058 26.0
0.20388223112970483 0.0
0.9262520945929946 0.0
26.0 25.451296781857142
25.979418455355788 26.0
0.47591073135748196 0.0
1.0 0.9805546423573468
1.0 0.07299575912597
10.498509808883245 11.0
10.0 10.58975742206545
25.0 25.378099855815098
25.625954836655197 25.0
0.9458374035238866 1.0
11.0 10.110849226841797
0.0 0.29869162379574654
10.0 10.276121478200448
0.7639315637359785 0.0
11.0 10.186990670463082
10.208354284236826 10.0
10.40199737672192 10.0
0.0 0.18722775390013058
1.0 0.03773695385071285
10.0 10.915505238621616
0.7858117355006554 1.0
10.0 10.96932440509018
0.610221057114811 0.0
10.392855056799458 10.0
0.7901972576711376 1.0
11.0 10.52459717567185
10.6082058630797 10.0
26.0 25.297629107473977
25.02299378149673 26.0
1.0 0.7865319182056131
1.0 0.7058729840474635
10.495310066053372 11.0
10.117870010079786 10.0
1.0 0.621510473777294
1.0 0.7429721260138668
0.0 0.6064074035692606
26.0 25.92427318218995
25.540099892189883 25.0
10.0 10.002030213061428
1.0 0.1185100207292692
0.8655691975683835 0.0
26.0 25.07425596657269
10.591669816165128 10.0
1.0 0.5450987000216928
25.507774125274597 26.0
0.057604974831314215 1.0
26.0 25.630237653618703
25.0 25.85551848773226
25.0 25.943958962752706
25.535490241504334 25.0
10.313080193488428 11.0
1.0 0.6155063506898446
25.78697085092324 26.0
10.209815777532048 11.0
10.0 10.394303359615881
0.0 0.824986843101956
26.0 25.933936870624006
26.0 25.358787443395766
10.0 10.787920963302074
25.0 25.134726953145538
0.0 0.44414795415608044
25.338675669236437 26.0
25.0 25.061321132044085
26.0 25.57410236216931
11.0 10.824512705653914
10.0 10.281365875649595
1.0 0.044466717155751456
10.437973979254242 11.0
10.55760390992117 11.0
10.0 10.01258903889078
10.397030059168838 10.0
26.0 25.51830443881533
0.4926195206321734 1.0
10.0 10.833048420447383
25.218502613512676 25.0
25.0 25.729060740111787
10.548719935065497 10.0
11.0 10.600552723915332
25.17887762650222 26.0
25.0 25.629483774129163
0.0 0.27984123953154383
0.0 0.5817606171507586
0.6027094828850309 1.0
1.0 0.851010417833769
25.72346586580524 26.0
1.0 0.3163474327675714
1.0 0.5237304478056555
1.0 0.5904017424419886
25.251058162486988 26.0
10.891559844144268 11.0
0.9343219313987642 0.0
0.5379198341792181 0.0
25.31845386192058 26.0
25.41392966589759 26.0
26.0 25.036018667250936
10.0 10.214929228314507
25.0 25.41388643505775
10.179042825776191 11.0
10.76325897809862 10.0
26.0 25.078817684407646
10.029063221941358 11.0
10.570099594547669 10.0
0.40097200659845256 0.0
25.63677641725789 26.0
10.272707089569844 11.0
11.0 10.451710152481782
25.854411991998962 25.0
1.0 0.6370350523208216
25.332857327594027 25.0
10.895097086937657 11.0
25.210561170501546 26.0
11.0 10.821929331750507
10.998013505162564 10.0
10.0 10.036993429372286
10.600857042268915 11.0
10.65068264872274 10.0
25.981376513759482 25.0
11.0 10.35382463736385
10.0 10.75153344991843
10.247569176054357 10.0
10.704831311448588 11.0
10.709081270730984 10.0
25.02363892989391 25.0
25.388360495275705 26.0
10.609370184933464 11.0
0.6970234804388962 1.0
25.0 25.802666325739168
0.0 0.18209183256936345
10.0 10.108483851900237
0.0 0.7625290053034279
0.5206352905639628 0.0
10.456535185476637 11.0
25.989548238863783 25.0
10.972376913873939 10.0
26.0 25.313191037997193
25.0 25.34658009190527
25.99664210738947 25.0
11.0 10.59374235158976
25.240957832639857 25.0
10.0 10.606678187837069
10.0 10.308166854843856
10.52300104740932 10.0
10.11598548441051 10.0
11.0 10.17030803771145
10.4098440682866 10.0
26.0 25.990533130215788
25.32142683916982 25.0
0.0 0.8713164641861595
25.0 25.591323776588435
10.0 10.924517060300358
0.07557435893285691 0.0
0.0 0.11530789583710643
25.56764113998666 26.0
25.776286292893047 25.0
25.20043811240484 25.0
10.727460937359965 11.0
26.0 25.620863910267964
26.0 25.543995739168427
10.0 10.295984747741175
0.47439877311763323 0.0
0.0 0.2093837498599107
25.0 25.60216656428644
0.007900585349007505 1.0
11.0 10.237529069877503
26.0 25.88064681882979
0.3945192011635891 0.0
0.0 0.7635554243435081
10.543779248402481 11.0
10.0 10.129305864823593
10.228789679290317 11.0
0.0 0.4583818317773666
25.0 25.950204814111252
26.0 25.478487597158658
0.06340100568869156 1.0
25.816645880044042 26.0
0.07923806841999037 0.0
0.13513892019376095 0.0
25.916473913860735 26.0
26.0 25.51937379307579
25.0 25.958547436099224
1.0 0.8416676354771175
1.0 0.24912491647616097
1.0 0.6305422032056545
25.234333706398917 26.0
26.0 25.670422055099678
25.0 25.769154650362488
10.226742166052452 10.0
26.0 25.940213608083337
25.0 25.26560963351136
0.0 0.5053818081636954
10.0 10.09020207341768
25.0 25.72478379782082
10.0 10.641912279748825
0.0 0.09533874777496498
10.660023398771221 10.0
25.854807442582306 26.0
10.0 10.397501348967412
0.459763367576841 1.0
1.0 0.34198055282239803
0.10670577090482258 0.0
25.0 25.876123800209694
25.058167290109502 26.0
10.0 10.258721002497486
10.0 10.840616580910838
10.0 10.218742214003393
10.522963060867987 11.0
25.0 25.490168000253814
1.0 0.43196539270083745
25.0 25.43227977261283
0.42304864144334975 1.0
0.08904613635370162 1.0
10.180129580387813 11.0
1.0 0.9451902238960003
25.29535725964445 25.0
0.0 0.20598233981237168
25.772443947984655 25.0
10.0 10.112392444557864
25.347246131713355 25.0
10.159196207423912 11.0
0.0 0.49096097186236487
11.0 10.147963699469868
10.919019964910191 10.0
0.0 0.21761513954500644
25.547158036544246 26.0
10.750855075818146 11.0
11.0 10.509354386625432
11.0 10.512636922172186
25.2022392248973 26.0
0.388464496729803 1.0
1.0 0.47718549852231185
10.0 10.76253477960985
10.14032410589069 11.0
0.03681262252961859 1.0
0.0 0.9519803223890017
10.637606936335784 11.0
25.0 25.19523665197395
25.0 25.779001161216087
10.357563006617886 10.0
25.37460469658796 25.0
0.5509886651199394 1.0
0.33279303336280286 0.0
10.424762997891898 11.0
0.41305276690256354 0.0
10.522120193632428 11.0
25.216796406893106 25.0
10.0 10.052042657902113
25.65924665458952 25.0
26.0 25.192807153176048
25.729544726457068 26.0
10.826035233877686 11.0
0.6969545818608022 1.0
25.0 25.095789934405452
25.0 25.45871950775549
0.0 0.24830215335915418
10.0 10.449618812763962
26.0 25.01985159439978
25.0 25.38823780469224
0.1163343247411428 1.0
25.140594052068952 26.0
10.0 10.381748908811275
10.161298210449049 10.0
10.0 10.185622789344151
11.0 10.839797943201894
25.600718401313973 25.0
10.601543093279151 10.0
25.383061267476442 25.0
25.0 25.19379602060675
0.20168201879393644 1.0
0.059689023583879175 0.0
25.11805438429859 25.0
25.0 25.51355654583094
10.993333594413187 11.0
10.0 10.83965714497693
0.0 0.15984400059293102
11.0 10.875867879195559
11.0 10.661196757817534
1.0 0.16524910224580114
25.0 25.55665464781939
26.0 25.36796021616897
10.182941074480889 11.0
10.5345160212661 11.0
10.0 10.508900089165643
26.0 25.40386746572981
0.45620882204503077 1.0
25.475320366434037 25.0
10.0 10.394320193770959
25.859546749094406 26.0
11.0 10.778893611502697
10.80149483231406 11.0
0.7864801005428328 1.0
25.0 25.971879166877837
11.0 10.760291697906299
1.0 0.20754823912953935
25.65496204133657 25.0
10.284725911470767 11.0
0.7351935119927423 1.0
0.0 0.9163112197391452
0.8454412020003927 1.0
0.45403373808748293 0.0
1.0 0.7608247818433521
10.465877225034072 11.0
25.0 25.615488693553612
10.0 10.08314710453813
25.0 25.66850005413221
25.0 25.150659128983932
0.6598471190002344 0.0
26.0 25.15155607028607
0.0 0.28031158131849665
25.85477030143591 26.0
1.0 0.24783358901450137
25.24246879843685 25.0
0.5380850254956117 0.0
0.8038030416623009 1.0
10.623624704774741 10.0
0.5834963704749192 1.0
0.2385799441652695 1.0
0.0 0.15783051177688434
0.6157032826813593 1.0
26.0 25.076718458815037
1.0 0.2920018123987982
10.508579558646588 11.0
0.0 0.03443587987298391
0.5390397765426214 1.0
10.020691101565667 10.0
0.940379116832627 0.0
1.0 0.5030504687746604
1.0 0.1652939634021362
26.0 25.349393367137125
0.49412644415219886 0.0
0.0 0.9773958572455723
25.0 25.403859725879485
0.14760170629064517 1.0
0.743299922497032 0.0
10.322866323091752 10.0
11.0 10.864123915521917
1.0 0.015819503897736897
11.0 10.064081419436894
10.141871647818768 11.0
0.0 0.50312280570776
0.3915139650875492 1.0
25.4525880652109 26.0
0.655479627600194 1.0
25.679249115971107 25.0
0.46514210597817396 0.0
0.0 0.3433406664908719
0.0 0.7846733673673798
0.218613536764088 1.0
10.332631561056886 11.0
25.125066199985632 26.0
10.0 10.904135005739288
10.730312615577464 10.0
26.0 25.306074356456595
0.7696984204303526 1.0
10.315203503935916 11.0
0.2055506820688604 1.0
0.03987554598313592 0.0
1.0 0.08392814746025057
0.7872846143340408 1.0
10.715203942340416 11.0
0.7092765359456951 1.0
26.0 25.73367901012398
10.282981000432509 10.0
10.0 10.690323186188133
1.0 0.4486679698188697
0.9461742856521306 0.0
0.9178303227059845 0.0
0.0 0.8940009371096406
0.12110113608576956 0.0
0.4949016581775185 1.0
10.562308725794315 10.0
26.0 25.053787149613797
10.0 10.32051096713041
0.5269092890784561 0.0
0.0 0.8752997562273162
0.7832145626453335 1.0
25.748948269646803 26.0
10.0 10.202200390836875
0.0 0.2588379482991726
10.533040352528518 10.0
10.095444331533118 10.0
25.423865904562533 25.0
0.5571711979043852 1.0
10.823327812586037 11.0
25.24328521115573 26.0
26.0 25.717771451065467
25.10856212564331 25.0
0.43647121395529476 0.0
11.0 10.77709136349298
11.0 10.287854962497018
0.9860066393847107 1.0
25.639246737151698 25.0
26.0 25.084563464948094
0.4258075053587762 0.0
10.0 10.413894138963308
25.347244260169465 25.0
10.465126593736942 10.0
10.0 10.604602542374606
10.399697518872369 10.0
1.0 0.9026399965820302
10.852018696595074 11.0
0.9915564068024291 0.0
10.0 10.139846032929114
0.7592736042864598 1.0
26.0 25.562235524549337
25.601932682190075 26.0
1.0 0.9805144928937756
10.0 10.640855053618797
11.0 10.411493375943195
10.428788986864737 10.0
26.0 25.35867914308766
25.292700321336532 25.0
10.48749262468289 10.0
10.0 10.9509833803554
0.1686291041214215 1.0
10.78966092226545 10.0
10.157479646186468 10.0
25.230470282720553 25.0
10.975046086939324 10.0
26.0 25.179987466647408
25.0 25.043444279958106
0.0 0.39863756831036834
25.204496157287643 26.0
25.6008052331656 26.0
26.0 25.799865607143413
25.252406087854656 26.0
25.0 25.27696348207805
1.0 0.7358224287158381
0.13026486958982353 1.0
25.645871284986967 25.0
25.302486442332278 26.0
1.0 0.026632430996495815
10.0 10.162521704209242
11.0 10.320088577303942
25.0 25.32687821270796
25.9716223767116 26.0
25.917917884020543 26.0
0.7506517690070328 0.0
10.975111629553885 10.0
25.124102355218145 26.0
25.33737018251365 26.0
0.0 0.5700672150381192
25.0 25.4771869759916
26.0 25.723982841461936
26.0 25.882198789107903
0.7612546614856243 0.0
10.827599577863811 11.0
26.0 25.598900125223423
26.0 25.19189303370467
