0.993442456989879 0.11433321761374718
-0.3198584600634914 -0.9474653373743083
-0.9987068974543234 0.050838302264724834
0.9239619533227669 -0.3824843902853777
-0.9776295205097933 -0.21033430682556628
0.28369929007031225 -0.9589132978604483
0.25726243556424366 0.9663415748313602
0.9599702571057507 0.2801019554953497
-0.49174880426733103 0.8707371092939878
-0.49925062304214984 0.866457624694956
-0.5811985764965726 0.8137617677664377
0.880711204848996 -0.47365364313328134
-0.7309347281145203 0.6824473776315301
0.9119863321877661 -0.41022058688308827
0.7633403909958901 0.6459964763636421
0.33626958177923555 0.9417657715005456
0.13012889518397858 0.9914970855419581
-0.7241265706272477 0.6896671006446673
0.9312032179405394 0.36450043470095383
-0.27050484486157395 -0.9627186135659868
0.9951215981993885 0.09865599220065081
-0.24827048008592903 0.9686907497844203
-0.03665679509360189 -0.9993279138368275
0.5572125862009706 -0.8303698776926015
-0.007902056257056379 -0.9999687782660568
0.607552918568703 0.7942792022573996
-0.843716245771676 0.5367894341554692
0.981571057137778 -0.191097513823244
-0.9416249906568314 0.3366635961468396
-0.13634103771475825 0.9906619612334284
-0.10728303326369658 -0.9942285203984749
-0.6762999203183273 -0.7366263759718519
0.998080558924752 0.06192897461168498
-0.9999532571099038 -0.009668691498579938
-0.3498930216755102 0.9367896633624759
-0.6536303755436506 -0.7568139349712494
-0.8841972204902749 0.46711377123488024
0.27130487760246463 0.9624934614786282
-0.2918270723414871 -0.9564710972363966
-0.8528606695714277 0.5221385623550284
-0.939391644582937 -0.3428459392901787
-0.8922219323027971 -0.45159719166294976
0.7328271833073405 0.6804148142169081
-0.7168537865101936 0.6972235285516386
-0.7601202983168083 -0.6497823728655359
0.5549850563308774 0.8318603171503092
0.42789254264210086 0.9038296144469254
0.9992283085363026 -0.03927833269984467
0.47468388759803515 -0.8801563536411107
-0.991627482193695 -0.12913147005355893