4.574723272264446 -0.905063370624698
5.911679953048482 -0.4109010382190791
5.29772079405353 0.9546529886760611
5.150957288545337 -0.9885402859949816
4.5887934091499885 -0.9115421765565822
4.505204684824867 0.8690095489007822
5.14686301341144 0.9891568405928917
5.439335891042556 -0.898322867816379
4.299899143687359 -0.7140439699278378
4.783257082656265 0.9762287169415408
5.762462667530539 0.6470322098800141
4.055014509264986 0.3271122472490208
5.86507397594138 -0.5016443123857505
4.662537324239404 -0.941338909462739
5.162552563197796 -0.9866998855770819
5.143762317629199 0.9896122452909935
5.871649570364729 0.490129601720792
4.053080009082953 -0.32146933104366127
5.542049031301103 -0.8403468615194183
5.7470393874391865 -0.6647797782833684
5.208023752710546 -0.9781237745337865
4.396283485788214 0.7971990783160562
5.909277569783766 -0.4161902222399373
4.1428747369876495 -0.5151080309080888
4.133086929110568 -0.4984593539307435
4.5246439950955395 0.8797935374855117
5.725587746714433 0.688129654801965
4.318917696546626 -0.7322068668912127
5.092715529400391 0.9956926386229865
4.352517640845125 0.7620804383942932
4.259808129647816 -0.6723957131515155
4.578081228274105 -0.906633636076509
5.330391595781872 0.9438439454892465
5.151536293913766 -0.9884516941291975
4.381812190187494 0.7860304267642682
5.552409276731345 0.8335730267835876
4.160756268851413 0.5437554227111652
5.442931288369149 -0.8965555609016356
5.886863209683588 0.46203208471893353
4.001169092448485 -0.048340646663219806
4.85817898230714 0.9898923168408579
5.608732673353438 0.79337540445364
5.576929358745655 0.8167940468792162
4.585997943974507 0.9102759458574441
5.638120133279024 0.7699368126696894
4.366228701959605 -0.773520485688771
4.852820026683768 -0.9891097287230741
4.571957929676173 -0.9037588096571405
4.351114330464933 0.7608859230344768
5.990032301721915 0.14084048262913132