4.321881548062327 5.73495262782145
5.054677173074026 4.001495915509289
4.010983457750569 5.147804868515823
5.95797502292284 5.286851626204185
5.922260523981962 4.613431085180771
4.324558862597795 4.26258609322524
5.494281348299447 4.130698010629631
4.042377745138596 5.288027111560979
5.800050080333182 4.400066779583869
4.979698123964368 4.000206104324779
4.560601293722467 5.898292144528511
5.988021124770574 4.8456813134870265
5.624230856853709 5.781239935840254
4.219571487029015 5.6252450208853295
4.755275753225386 4.030407279812499
5.125430244136509 4.007897558789489
4.70089886200247 4.045778584788319
4.0487926840857975 4.691447505031481
5.879126504839098 5.476588489673629
5.9243122637992105 4.618362948614291
4.007752864586792 5.1242804178633286
5.93351498248665 4.641461609485191
4.726702263978224 4.038070508048864
4.439421750066825 4.171898541420281
5.964512705968511 4.735963563072633
5.630607502036559 4.223898087635902
5.385145021931842 4.077143937506438
4.432353206734238 4.176727798298098
4.0586732993379195 4.662503270207485
4.358785432739345 4.232638365089359
5.649173015258276 5.760640780040407
4.045122424627987 4.703000309677492
5.937255854357825 5.348642314517306
4.113231660933101 5.462214141744424
5.9707360145664605 5.240149099568633
4.51355368908893 4.126289529305611
4.008697952302232 4.868393578309367
5.826494428147725 5.5629448998265865
5.678195746721881 5.734881302747832
5.700709204587409 4.286553007850983
5.5517782070471835 5.8339908933722215
4.024975271249487 5.222096326680539
5.487436364502816 4.1268414860059615
5.298509168455661 5.9544067667131815
4.967354918902409 4.000532992700544
5.319036122615353 4.052257443993064
4.902936071200878 5.995278148924249
4.060645934263022 4.657051112870433
5.796227339929581 5.6049975397872815
5.24645254961247 5.969154859034155