0.7592736042864598 1.0
0.0 0.49096097186236487
11.0 10.875867879195559
0.13026486958982353 1.0
88.14497984665199 89.0
26.0 25.882198789107903
1.0 0.015819503897736897
88.17642459582831 89.0
3.3851351601627977 4.0
3.888637180746365 4.0
3.0 3.133305185075052
11.0 10.35382463736385
3.0 3.836612587698645
25.94622089143529 25.0
1.0 0.7429721260138668
88.4145337529281 89.0
10.55760390992117 11.0
88.0 88.87121642191164
25.33737018251365 26.0
25.216796406893106 25.0
3.0 3.8091033346341723
0.0 0.24830215335915418
4.0 3.5493643517237325
11.0 10.864123915521917
1.0 0.8416676354771175
1.0 0.1394836080801658
10.0 10.308166854843856
11.0 10.509354386625432
25.45902927531759 25.0
25.679249115971107 25.0
25.423865904562533 25.0
10.461541561553581 10.0
10.0 10.08314710453813
25.388360495275705 26.0
88.0 88.41406426849777
25.816645880044042 26.0
10.609370184933464 11.0
88.0 88.97860589477399
26.0 25.73367901012398
88.29594455957339 89.0
10.600857042268915 11.0
10.40073965568818 10.0
25.0 25.41388643505775
10.0 10.214929228314507
88.89208636187398 89.0
25.40727072676957 25.0
25.989548238863783 25.0
3.0 3.001150931849133
88.8158100375344 89.0
88.63163244095809 89.0
3.4041611163082206 3.0
88.0 88.71414941414572
11.0 10.186990670463082
25.85477030143591 26.0
3.694325506354243 4.0
10.0 10.394320193770959
0.4949016581775185 1.0
88.0 88.86396360047199
0.47591073135748196 0.0
10.11598548441051 10.0
89.0 88.49416184930134
10.157479646186468 10.0
88.89145528724158 88.0
89.0 88.63054135200355
10.852018696595074 11.0
0.7901972576711376 1.0
4.0 3.935612435572543
0.7696984204303526 1.0
25.0 25.31647128686651
3.0 3.4310238864754363
25.0 25.043444279958106
88.30323197203387 88.0
88.0 88.92446298175611
26.0 25.078817684407646
89.0 88.76734301528843
0.0 0.04117618452876459
26.0 25.723982841461936
3.0 3.032582337513193
3.0 3.9906150637033226
89.0 88.85934024837063
26.0 25.313191037997193
88.0 88.9867043331712
26.0 25.528613277764247
25.0 25.841517774417376
25.0 25.378099855815098
26.0 25.967712135480934
10.0 10.641912279748825
10.392855056799458 10.0
89.0 88.38380716591796
0.9458374035238866 1.0
25.78697085092324 26.0
10.315203503935916 11.0
26.0 25.01985159439978
10.0 10.156368276153819
10.660023398771221 10.0
1.0 0.7358224287158381
0.2385799441652695 1.0
10.80149483231406 11.0
88.9188355333288 89.0
88.24166193193375 89.0
26.0 25.57713991290444
26.0 25.076718458815037
25.0 25.60216656428644
0.0 0.20598233981237168
88.5623029074923 89.0
88.59157219841238 88.0
3.803255761017284 4.0
3.017907574844742 4.0
88.59717264827479 89.0
88.61946613526162 88.0
25.0 25.729060740111787
10.0 10.36020254927458
89.0 88.32715043882912
10.228789679290317 11.0
89.0 88.12393807031664
10.0 10.276121478200448
4.0 3.4330693306204516
0.40346698894040844 1.0
10.0 10.258721002497486
0.0 0.18722775390013058
88.54270168569316 89.0
25.91560381010955 26.0
88.0 88.57692833014146
11.0 10.192595341226484
88.14514094100994 88.0
89.0 88.96136269990305
88.0 88.26615810413594
11.0 10.299624909617478
10.82005744217793 10.0
3.0 3.933778823009106
3.4832291891416585 3.0
3.7794409389201054 4.0
10.066636013839293 11.0
0.46514210597817396 0.0
25.0 25.19523665197395
3.6178575452691932 4.0
4.0 3.114054056318252
0.9595027420004046 0.0
4.0 3.7629499868729686
88.0 88.89903024998394
10.570099594547669 10.0
10.998013505162564 10.0
25.058167290109502 26.0
88.0 88.48692254225887
0.0 0.3433406664908719
25.729544726457068 26.0
3.0 3.5635153913701494
0.728365476119248 0.0
3.9545268112932366 3.0
1.0 0.24912491647616097
0.7612546614856243 0.0
3.132876951796601 4.0
26.0 25.192807153176048
25.0 25.971879166877837
25.06729138288415 26.0
0.5269092890784561 0.0
10.0 10.508900089165643
88.54757210674458 89.0
10.0 10.449618812763962
3.0 3.356153309867656
3.4364760523132087 4.0
3.0 3.071727182029157
26.0 25.5654798376132
88.18674619947213 89.0
88.31960232320996 89.0
10.182941074480889 11.0
3.484447012699184 3.0
0.7858117355006554 1.0
1.0 0.621510473777294
10.0 10.381748908811275
89.0 88.9270902832366
0.12110113608576956 0.0
25.601932682190075 26.0
10.6082058630797 10.0
25.332857327594027 25.0
89.0 88.06103648844883
0.5379198341792181 0.0
3.7815785532547137 4.0
10.456535185476637 11.0
26.0 25.741174994915887
0.2517198500225025 0.0
0.059689023583879175 0.0
3.0 3.781367839918369
25.56764113998666 26.0
3.547655663329362 3.0
10.5345160212661 11.0
25.302486442332278 26.0
3.9508601667201955 3.0
88.46296504671096 89.0
3.2434407375169947 4.0
3.0 3.35250144594463
3.0 3.5586574977468146
10.538080156502264 10.0
4.0 3.4297949385386284
25.7292702447057 25.0
3.0 3.834740397998303
10.441949936879727 10.0
3.9201207577822568 4.0
25.251058162486988 26.0
0.5754274766202847 1.0
88.45337456478106 88.0
1.0 0.1443614369258045
3.1078898319825736 4.0
3.9991980817439554 3.0
25.0 25.958547436099224
3.9575459942728948 3.0
89.0 88.69657240488016
25.240957832639857 25.0
25.0 25.769154650362488
3.664722088286742 4.0
11.0 10.320088577303942
0.20168201879393644 1.0
4.0 3.556653527222025
0.0 0.5700672150381192
88.0 88.48313087066774
1.0 0.7608247818433521
3.4413749733999603 3.0
3.0 3.5019872856578576
25.854411991998962 25.0
0.9915564068024291 0.0
0.0 0.4885442734110387
10.226742166052452 10.0
3.445425613151793 4.0
10.159196207423912 11.0
88.0 88.55173204238503
1.0 0.044466717155751456
3.131077578918625 4.0
26.0 25.25950598672892
25.0 25.095789934405452
88.0 88.26648891719925
88.0 88.58641776019797
0.8848670843916012 1.0
10.282981000432509 10.0
10.095444331533118 10.0
11.0 10.191905443060033
0.6969545818608022 1.0
1.0 0.6823939017293487
10.533040352528518 10.0
10.895097086937657 11.0
25.1105344422092 26.0
1.0 0.5904017424419886
0.03982327054039525 1.0
1.0 0.37508592241053784
3.532723395910182 4.0
88.0 88.28583252561603
10.180129580387813 11.0
88.96843123248375 88.0
11.0 10.98107222828127
4.0 3.7186661830120284
3.0 3.7650935624114203
3.4880887243328726 3.0
1.0 0.20754823912953935
11.0 10.944859349477467
1.0 0.4486679698188697
0.218613536764088 1.0
26.0 25.57410236216931
0.0 0.5053818081636954
0.0 0.3909943976430096
11.0 10.984298859674315
88.86212421556587 88.0
0.0 0.09533874777496498
25.347244260169465 25.0
3.0 3.3284443990813948
25.686089912294058 26.0
10.0 10.915505238621616
3.673051627531585 4.0
4.0 3.470124337146654
26.0 25.990533130215788
88.0 88.32131175622169
10.80428109864522 11.0
25.55524874702936 25.0
4.0 3.724528502740759
25.24328521115573 26.0
25.507774125274597 26.0
10.209815777532048 11.0
3.0 3.5142977695299695
88.86271739280986 88.0
89.0 88.92344426674705
10.161298210449049 10.0
10.78966092226545 10.0
3.9317269938033355 3.0
4.0 3.1773969687067734
0.0 0.21761513954500644
0.9178303227059845 0.0
25.383061267476442 25.0
88.90681636492577 88.0
10.355770594666064 11.0
26.0 25.598900125223423
0.6073444755519063 0.0
88.595956737542 89.0
25.0 25.150659128983932
0.0 0.2908248797800753
25.859546749094406 26.0
1.0 0.22579018117572336
3.603022684873842 3.0
3.0 3.903791680777361
4.0 3.455811113492821
10.623624704774741 10.0
10.40199737672192 10.0
11.0 10.451710152481782
88.39407354933951 89.0
25.0 25.80540711368121
0.0 0.50312280570776
10.591669816165128 10.0
3.0 3.5634080240395822
3.6835139754722226 3.0
0.0 0.9773958572455723
25.65405899377643 25.0
0.4926195206321734 1.0
10.52300104740932 10.0
25.140594052068952 26.0
89.0 88.62085905813775
88.66488148391633 89.0
3.0 3.378170473361462
10.332631561056886 11.0
10.823327812586037 11.0
25.979418455355788 26.0
26.0 25.620863910267964
10.919019964910191 10.0
25.0 25.532653969203434
88.83985837601723 88.0
3.210473457432591 3.0
10.498509808883245 11.0
25.02363892989391 25.0
3.81426735581191 4.0
88.49786261146014 89.0
0.507359638174265 1.0
88.61881241806343 89.0
3.0 3.3588539576100036
25.0 25.876123800209694
88.83503537606944 88.0
25.29535725964445 25.0
10.0 10.162521704209242
25.866642758188338 26.0
88.0 88.69828435762335
0.0 0.15984400059293102
1.0 0.36308643213289316
26.0 25.306074356456595
0.9461742856521306 0.0
3.569218313783409 4.0
0.41305276690256354 0.0
88.1932105783725 88.0
26.0 25.670422055099678
88.01012803288333 89.0
10.0 10.738388237164042
26.0 25.451296781857142
3.248387962970193 4.0
3.0 3.565249799051472
3.038873889857509 4.0
1.0 0.43196539270083745
88.38281569425331 89.0
88.30111928236532 89.0
88.0 88.00582557993096
0.7535731813919524 1.0
89.0 88.36378200522093
1.0 0.24783358901450137
88.19139401243861 89.0
4.0 3.541315435650665
10.0 10.139846032929114
25.303949313136105 26.0
88.91858592409746 89.0
11.0 10.237529069877503
1.0 0.2920018123987982
25.210561170501546 26.0
88.90695271590192 88.0
1.0 0.9805144928937756
88.36362048974843 88.0
25.4525880652109 26.0
4.0 3.2557770011235463
0.40097200659845256 0.0
11.0 10.887544375022882
89.0 88.4864789893349
10.0 10.413894138963308
10.601543093279151 10.0
1.0 0.04734553714453682
25.0 25.55665464781939
0.007900585349007505 1.0
0.0 0.28031158131849665
25.0 25.943958962752706
0.5834963704749192 1.0
25.916473913860735 26.0
25.06501031699924 25.0
11.0 10.512636922172186
25.383039506971873 26.0
10.284725911470767 11.0
3.959444096760161 3.0
25.0 25.983308855574414
88.943424566909 89.0
3.0275549822300016 4.0
3.602636023606636 3.0
25.77158140757988 26.0
11.0 10.778893611502697
1.0 0.5030504687746604
10.272707089569844 11.0
89.0 88.14671518471378
0.6027094828850309 1.0
88.07968124601791 89.0
0.610221057114811 0.0
88.6883525298837 88.0
88.0 88.66724092968087
26.0 25.297629107473977
10.704831311448588 11.0
88.34142354247528 88.0
88.0 88.52367010660345
11.0 10.580140738337542
0.459763367576841 1.0
10.0 10.036993429372286
10.0 10.604602542374606
26.0 25.51830443881533
3.4425578219865836 4.0
0.9343219313987642 0.0
0.0 0.11530789583710643
25.124102355218145 26.0
88.86886068870508 89.0
3.2432791994133043 3.0
1.0 0.9026399965820302
1.0 0.3775923572542317
10.827599577863811 11.0
89.0 88.01175166407553
25.0 25.591323776588435
10.0 10.196101316235895
25.645871284986967 25.0
3.0 3.745686522534506
89.0 88.64203021831042
88.18344340894137 89.0
88.0 88.20302562608302
25.748948269646803 26.0
10.0 10.787920963302074
25.0 25.43227977261283
25.9716223767116 26.0
3.067716595935996 3.0
1.0 0.16524910224580114
11.0 10.287854962497018
10.0 10.690323186188133
10.4098440682866 10.0
3.632710646023684 3.0
4.0 3.1594336190504544
89.0 88.29293692464032
0.32974521469096874 1.0
11.0 10.110849226841797
88.98428909753032 89.0
1.0 0.6155063506898446
3.1281066382772904 4.0
0.0 0.18209183256936345
88.01935513986761 89.0
89.0 88.9047224447525
4.0 3.519286063521405
0.655479627600194 1.0
10.0 10.640855053618797
11.0 10.61086461208164
10.0 10.58975742206545
3.0 3.6313558963139165
11.0 10.33129477017947
1.0 0.47718549852231185
0.0 0.824986843101956
0.43647121395529476 0.0
11.0 10.760291697906299
3.011170285589305 3.0
11.0 10.62451439557728
10.0 10.32051096713041
88.0 88.03971856883088
1.0 0.6336457628786872
10.993333594413187 11.0
3.9219370504306106 4.0
88.16072091522514 88.0
26.0 25.478487597158658
25.0 25.32687821270796
0.7639315637359785 0.0
1.0 0.08392814746025057
89.0 88.97567667097952
26.0 25.084563464948094
88.06960824271978 88.0
89.0 88.39264014400334
0.0 0.27984123953154383
3.0 3.607793242393693
10.620362804780239 11.0
10.0 10.924517060300358
10.0 10.833048420447383
25.32142683916982 25.0
3.813194681405257 3.0
3.0695608595800987 3.0
10.709081270730984 10.0
10.0 10.904135005739288
11.0 10.17030803771145
25.65924665458952 25.0
0.0 0.5954412923180763
88.09686688848412 88.0
0.2055506820688604 1.0
3.0 3.4061337687793447
88.04560705292806 89.0
88.0 88.7093837645967
0.16572235313075578 0.0
26.0 25.15155607028607
0.7832145626453335 1.0
3.7911916416474947 4.0
0.9331200168480462 1.0
1.0 0.7711865151566656
11.0 10.190305410740212
4.0 3.333365863882536
3.469338756787304 4.0
0.08904613635370162 1.0
10.0 10.031305966328228
88.3248886254559 89.0
88.27389446161568 88.0
88.31882305832006 89.0
10.0 10.75153344991843
25.740147419756262 25.0
3.0861062704845796 3.0
25.639246737151698 25.0
4.0 3.346430944170634
4.0 3.9343244129441564
88.84574709782767 88.0
25.0 25.51355654583094
3.4892545538366075 3.0
10.0 10.01258903889078
3.0 3.201798072186481
88.47392949033481 88.0
3.0 3.0896000704411426
0.6970234804388962 1.0
26.0 25.358787443395766
10.734468142428836 11.0
26.0 25.92427318218995
10.972376913873939 10.0
3.0316391014135253 4.0
26.0 25.627626460569275
25.05481327907113 26.0
25.56504231228543 25.0
3.694214855505403 3.0
4.0 3.1973410272489633
10.437973979254242 11.0
0.45620882204503077 1.0
89.0 88.04055439153474
25.63677641725789 26.0
88.0 88.69824135265773
89.0 88.93991063531351
4.0 3.3912464077838855
10.0 10.83965714497693
0.0 0.8752997562273162
1.0 0.9805546423573468
25.218502613512676 25.0
88.54713624176692 88.0
1.0 0.03773695385071285
3.353438113464614 3.0
26.0 25.51937379307579
0.9315404671873552 0.0
88.78097434362101 89.0
4.0 3.365946303397622
3.291766256841273 4.0
1.0 0.1652939634021362
25.292700321336532 25.0
10.48749262468289 10.0
89.0 88.44352586670485
10.399697518872369 10.0
25.234333706398917 26.0
3.6476922564187126 4.0
3.29121836767458 4.0
0.6157032826813593 1.0
0.6598471190002344 0.0
3.990100652392011 4.0
10.851900725940427 10.0
0.0 0.4583818317773666
88.0 88.12086784775965
25.399161222179 26.0
25.230470282720553 25.0
4.0 3.399532735888271
4.0 3.0798123536178594
3.8111563014608922 4.0
3.0 3.467778966571628
10.0 10.036317391238924
25.99664210738947 25.0
26.0 25.053787149613797
88.0 88.77609812113334
89.0 88.44072968800326
0.0 0.9519803223890017
4.0 3.572095107613927
10.0 10.888722231764493
3.0 3.0572047686296613
88.13441335809863 89.0
88.32396629740234 89.0
26.0 25.632997100694435
25.0 25.27696348207805
88.28680454363162 88.0
1.0 0.7058729840474635
0.03681262252961859 1.0
0.5390397765426214 1.0
0.7351935119927423 1.0
1.0 0.8327294039154972
25.02299378149673 26.0
0.0 0.8940009371096406
0.0 0.7846733673673798
10.0 10.202200390836875
25.0 25.75452694472738
3.0 3.754944192900491
25.37460469658796 25.0
89.0 88.40294796637117
0.0 0.39863756831036834
4.0 3.0321969926756442
26.0 25.88064681882979
25.547158036544246 26.0
0.07557435893285691 0.0
89.0 88.08544298101101
0.3945192011635891 0.0
88.0 88.668604435679
25.347246131713355 25.0
0.9763216587606361 0.0
3.0 3.4854155886659104
3.854215433009295 4.0
25.0 25.72478379782082
88.46878756351852 89.0
10.4848161708497 11.0
10.029063221941358 11.0
10.522963060867987 11.0
26.0 25.430820060732902
88.0 88.84073554572197
25.348780907731232 26.0
26.0 25.717771451065467
88.11586655657564 89.0
3.255183861756241 4.0
4.0 3.396094554324974
4.0 3.7559521539048246
25.17887762650222 26.0
26.0 25.179987466647408
25.682153283770322 25.0
3.9231454885243737 3.0
89.0 88.29552716556942
10.0 10.108483851900237
4.0 3.6013974833206683
10.618764694147318 11.0
0.42304864144334975 1.0
88.0 88.29170599121075
89.0 88.41580600098007
89.0 88.3693222758412
3.5369915124448523 4.0
88.71532206836754 89.0
25.0 25.490168000253814
1.0 0.6370350523208216
89.0 88.9542644259789
0.0 0.9163112197391452
0.45403373808748293 0.0
10.0 10.606678187837069
0.49412644415219886 0.0
10.975046086939324 10.0
88.0 88.9432271437297
10.76325897809862 10.0
88.0 88.80376146697289
25.0 25.762526179006162
88.0 88.87365110122941
89.0 88.93861649602168
10.428788986864737 10.0
10.045168093770524 11.0
0.8655691975683835 0.0
0.0 0.7625290053034279
25.11805438429859 25.0
3.6059476519938185 4.0
3.726219814968072 3.0
3.365278290403059 3.0
10.357563006617886 10.0
25.6008052331656 26.0
25.0 25.66850005413221
88.0 88.17130942124672
11.0 10.824512705653914
10.0 10.185622789344151
3.5651379468187594 3.0
3.6453996431253506 4.0
0.940379116832627 0.0
88.06789004013471 88.0
3.7273846992175517 3.0
3.1510855401830318 3.0
3.0 3.9303027680302947
89.0 88.86868363124276
88.95876066824621 88.0
25.0 25.629483774129163
0.7872846143340408 1.0
0.0 0.03443587987298391
1.0 0.5841700248974164
3.3045510632567687 3.0
3.0 3.6785835176920862
3.729185223531155 3.0
25.2022392248973 26.0
88.81052279230977 89.0
89.0 88.31945456651785
3.0 3.798229154656611
3.087044867378446 4.0
88.16968605146387 88.0
10.562308725794315 10.0
3.414844667827065 3.0
10.574587328980938 11.0
0.9262520945929946 0.0
88.87312215514893 89.0
10.960281669032474 11.0
4.0 3.239763558386812
4.0 3.2066579550098444
88.84441625882543 88.0
3.37659695886896 3.0
26.0 25.562235524549337
1.0 0.9451902238960003
0.0 0.7605205304246527
88.0 88.6192941789038
0.057604974831314215 1.0
88.01983739264813 88.0
25.0 25.061321132044085
88.0 88.95023138372763
10.868381918527264 10.0
10.0 10.203002824536703
0.8038030416623009 1.0
0.7012891603679446 0.0
10.83368310635422 10.0
10.141871647818768 11.0
88.55204147018401 89.0
25.859364136087486 26.0
0.7029326635314503 0.0
25.625954836655197 25.0
3.0 3.1969350711052957
26.0 25.940213608083337
3.0 3.6272015922818697
0.0 0.5817606171507586
89.0 88.47507817554533
4.0 3.4832993601379485
10.0 10.96932440509018
10.465877225034072 11.0
3.0 3.411265843787389
10.039307426987982 11.0
3.0 3.825683985502054
25.0 25.38823780469224
10.208354284236826 10.0
11.0 10.821929331750507
89.0 88.44532668846543
0.4258075053587762 0.0
10.891559844144268 11.0
4.0 3.441359848887528
10.0 10.106980166866055
0.09707999894579122 1.0
25.854807442582306 26.0
3.663568655245687 3.0
10.020691101565667 10.0
0.9860066393847107 1.0
3.932735042253781 3.0
89.0 88.37173225015165
10.0 10.129305864823593
3.0 3.7857977345221334
3.0 3.696335919489526
1.0 0.7865319182056131
0.7506517690070328 0.0
10.0 10.295984747741175
0.06340100568869156 1.0
25.0 25.134726953145538
1.0 0.3163474327675714
1.0 0.8489423689438866
88.0 88.0898023323758
25.0 25.514414338055598
25.535490241504334 25.0
88.08714126753566 89.0
3.7083751894424903 3.0
0.0 0.008946692324117711
4.0 3.5113346569344506
0.5206352905639628 0.0
25.0 25.615488693553612
88.25707455362172 88.0
25.0 25.704226915449087
3.0191684945244326 4.0
10.313080193488428 11.0
26.0 25.07425596657269
11.0 10.77709136349298
25.0 25.403859725879485
4.0 3.704419266068903
10.0 10.365315790189584
0.47439877311763323 0.0
0.5057132591717715 1.0
10.715203942340416 11.0
88.91862061657771 89.0
1.0 0.6305422032056545
88.0795539746043 89.0
11.0 10.411493375943195
3.062906775958037 4.0
26.0 25.137540091655914
88.32306540248186 89.0
0.7092765359456951 1.0
11.0 10.52459717567185
3.0 3.6333939222766114
3.0 3.2854128380644703
89.0 88.45972264161118
3.9212556944256 3.0
88.87822885521896 89.0
3.861614898359105 3.0
0.0 0.44414795415608044
0.5380850254956117 0.0
88.0 88.21228138551052
25.72346586580524 26.0
11.0 10.147963699469868
0.0 0.2093837498599107
4.0 3.6490320700082473
0.14760170629064517 1.0
0.3915139650875492 1.0
25.0 25.802666325739168
10.117870010079786 10.0
4.0 3.533796935437689
3.734729050583459 4.0
4.0 3.257377717663832
10.247569176054357 10.0
89.0 88.96228305921464
3.3077720266816266 3.0
0.03987554598313592 0.0
11.0 10.600552723915332
0.5794971658124062 0.0
26.0 25.36796021616897
26.0 25.630237653618703
3.6939123757518977 4.0
26.0 25.451334472574743
10.0 10.052042657902113
25.65496204133657 25.0
10.465126593736942 10.0
10.487749625433276 11.0
25.906689950525113 25.0
88.0 88.98000338662472
1.0 0.1185100207292692
3.0 3.206229783049553
11.0 10.064081419436894
88.75460420593245 89.0
3.311368464486611 3.0
25.0 25.816281434052065
3.08075093534568 4.0
10.0 10.840616580910838
3.7267935475089526 4.0
88.79254533033802 88.0
0.8454412020003927 1.0
10.522120193632428 11.0
0.0 0.8713164641861595
26.0 25.933936870624006
25.338675669236437 26.0
25.0 25.19379602060675
4.0 3.196166723169281
0.5509886651199394 1.0
89.0 88.34630220853725
1.0 0.5237304478056555
89.0 88.38470382496698
26.0 25.35867914308766
1.0 0.5450987000216928
25.0 25.747761232456174
10.730312615577464 10.0
25.58520338878914 26.0
10.750855075818146 11.0
88.2477525658622 89.0
3.0 3.5744871210262588
10.65881453972583 11.0
4.0 3.246769934855006
88.85745851960768 89.0
25.917917884020543 26.0
25.10856212564331 25.0
10.195007855708326 10.0
0.07923806841999037 0.0
26.0 25.19189303370467
11.0 10.59374235158976
25.0 25.85551848773226
10.0 10.512773830252126
0.7864801005428328 1.0
89.0 88.99798742034147
10.975111629553885 10.0
88.17588376491013 88.0
25.0 25.779001161216087
88.14463361474048 88.0
25.0 25.950204814111252
88.17517830242979 89.0
11.0 10.846336891782816
25.0 25.4771869759916
88.47539471678608 89.0
4.0 3.6819158971697776
25.20043811240484 25.0
1.0 0.34198055282239803
88.62829260593168 89.0
4.0 3.9611501391094834
10.0 10.76253477960985
4.0 3.4245676235322255
88.0 88.9504820953448
10.397030059168838 10.0
1.0 0.07299575912597
88.0 88.00082828380147
10.0 10.394303359615881
11.0 10.661196757817534
10.727460937359965 11.0
0.0 0.15783051177688434
0.743299922497032 0.0
1.0 0.18371960163771084
0.0 0.29869162379574654
88.0 88.94003113633873
3.4647866397998697 4.0
10.826035233877686 11.0
1.0 0.7561826680855193
88.0 88.06518420392622
1.0 0.4313671198165715
1.0 0.6520313037122879
0.10670577090482258 0.0
0.5571711979043852 1.0
3.0 3.7153637661174623
25.125066199985632 26.0
0.0 0.2588379482991726
88.0 88.95606682324969
4.0 3.3934177619762504
3.9067436012346715 3.0
25.24246879843685 25.0
25.0 25.34658009190527
88.04294493938085 88.0
89.0 88.05037586063696
26.0 25.799865607143413
3.5372731712500443 3.0
10.179042825776191 11.0
10.14032410589069 11.0
25.600718401313973 25.0
0.1686291041214215 1.0
0.13513892019376095 0.0
10.508579558646588 11.0
10.458360231891291 10.0
25.0 25.26560963351136
89.0 88.03405297765266
1.0 0.9335192928569755
3.882906858568122 3.0
10.951347884879635 11.0
10.0 10.112392444557864
88.0 88.29921896935522
89.0 88.4625271562357
89.0 88.24810600537265
25.991418849294664 26.0
0.20388223112970483 0.0
26.0 25.5618043878733
10.637606936335784 11.0
25.445663086164295 26.0
3.0 3.7401150514647723
3.3376750525519414 3.0
88.0 88.58756873458009
25.776286292893047 25.0
25.463283224987887 25.0
89.0 88.79176218728682
88.80553268017029 88.0
26.0 25.036018667250936
10.0 10.218742214003393
10.548719935065497 10.0
0.9951769356405104 1.0
10.700818687193976 11.0
3.934498760770893 3.0
88.64359661861593 88.0
3.0 3.737436492241101
3.0 3.1842782401829144
0.0 0.7635554243435081
88.97893395675293 88.0
3.0 3.812248641661632
26.0 25.40386746572981
1.0 0.851010417833769
3.9611277923200787 3.0
25.772443947984655 25.0
4.0 3.190033611837058
25.981376513759482 25.0
3.732078468145393 4.0
88.68232178769254 88.0
3.813191485185305 4.0
10.0 10.397501348967412
1.0 0.026632430996495815
10.0 10.09020207341768
25.41392966589759 26.0
26.0 25.543995739168427
25.204496157287643 26.0
88.0 88.75342390678087
0.7675548755234243 0.0
1.0 0.9823200121618364
88.83887925821118 89.0
25.475320366434037 25.0
88.85971435146378 89.0
88.26099286336367 88.0
88.98354366506926 89.0
0.0 0.6064074035692606
3.3282136035432313 4.0
25.31845386192058 26.0
0.0 0.03906379352921019
10.495310066053372 11.0
10.65068264872274 10.0
10.0 10.002030213061428
89.0 88.79947050101288
10.424762997891898 11.0
10.543779248402481 11.0
25.252406087854656 26.0
10.0 10.281365875649595
0.1163343247411428 1.0
3.3449586395600623 4.0
10.322866323091752 10.0
88.6879369057416 89.0
4.0 3.0651795058564426
0.33279303336280286 0.0
25.0 25.21376161127737
89.0 88.9111900959876
25.0 25.45871950775549
88.0 88.39941123850974
10.0 10.9509833803554
0.0 0.2869532358625204
3.1324901304529513 4.0
0.388464496729803 1.0
25.540099892189883 25.0
11.0 10.839797943201894
89.0 88.02265941009139
26.0 25.349393367137125
89.0 88.98076051450414
89.0 88.15054992198938
4.0 3.576467707849042