0.08803499923648772 0.0
0.0 0.6057632669834926
1.0 0.3864921985891506
0.7348017739698341 0.0
0.7605617553486993 0.0
0.26780302308812065 1.0
0.46323055430188553 0.0
0.48836105937698704 0.0
0.0 0.4442745618248928
0.9803468383711904 1.0
0.990457193795982 0.0
0.03221391008114727 0.0
0.3099298970509259 0.0
0.531485004955096 0.0
0.33081716276224893 1.0
1.0 0.5987384782028444
0.0 0.6070255850623125
0.6443136285687429 1.0
0.25528740865352584 0.0
1.0 0.7240623881903476
0.3501486421775827 0.0
0.0 0.4389058652385375
0.977803736706619 0.0
0.32443443561434737 1.0
0.0 0.9969615171987746
1.0 0.7078856484752967
0.0 0.598463824712038
1.0 0.3008841437145
0.0 0.8275793027905866
0.23173206233625276 0.0
0.7729387871429421 0.0
0.0 0.24207433277539436
1.0 0.1282140735948376
0.3499316029096847 0.0
0.08643568090448206 0.0
0.0 0.7981752231740544
0.8395053059392716 1.0
0.7729570763908964 0.0
0.0 0.25350379199465123
0.0 0.7569828033342975
1.0 0.2497081620265017
0.77229289603163 0.0
1.0 0.7574396066483803
0.2601815304450036 1.0
1.0 0.5385176712205623
0.0 0.7493563559520225
0.0 0.02762901774174642
0.8320041417463834 1.0
1.0 0.4871541766631078
0.3721869446350018 0.0
0.9464224890555372 0.0
0.9297022926954145 1.0
1.0 0.5796378710839266
0.0 0.16647314777098887
0.6294622272890791 1.0
0.4807585284875986 1.0
1.0 0.30255098468419706
0.24959320283683806 1.0
1.0 0.7882940119477028
0.5463105152566186 0.0
0.5895116034188758 1.0
1.0 0.8288204931195361
0.6261268543746142 1.0
0.5710585420178994 1.0
