3.4106265396569144 2.088196378089345
3.9956112438518465 3.09358552834589
3.784898124766211 2.38037516694496
3.999991829412077 2.9959575862300354
2.141508175859039 2.4871727504479457
2.400231762238365 2.1998262307646526
3.8441655156150016 3.5360826263240193
3.9852309651010698 3.171230678927622
2.095967571982248 2.5725361195465424
2.590870320516163 2.087523750793779
3.663867918502162 2.252150157596054
3.843923955716531 2.463537180255926
3.0701278051289056 2.0024619852116903
2.0135183668963386 2.8361281367984934
3.1073690116198716 3.994219239073441
3.795691166247844 2.3942974591805433
3.917825233255748 2.603015313646696
3.174948613945628 3.9845775654962403
3.4585797314351634 2.111346732455873
2.348742835625694 2.2411428949722234
2.006097518037236 3.1102626697856426
3.963043372486746 3.269346361975346
3.938557021540218 3.3451242056384265
2.268192104611194 2.318489028520739
2.073197388509586 2.6244511758312257
3.7788987898131685 3.6271496434086377
2.9733025556595734 3.9996435597080042
2.601280399938246 3.917072887248661
3.933953185599454 2.6426046347409744
2.7737550685916377 3.9740704445839765
2.0018701490647883 2.938870623493674
3.999685906168831 2.974938295999602
2.3990167797017117 2.200738360159892
2.0472697316268866 2.6961825618472584
3.950160749276828 3.311760405654241
2.4129339246905 2.1904609810387763
3.6943665041870606 3.719621537937158
3.7124954360127553 2.2983232555791853
2.0113065126216743 2.8500493814094643
3.590171950344721 3.8072775662845513
3.728376452221382 3.6851771623816667
3.8926048010084338 3.4508399596494246
2.069013509948108 3.3650536335127463
3.9625422427752337 2.7288682407514324
3.6756602168504875 3.7372131790503698
2.726406397530223 2.0381546170576015
2.2849831879986042 2.3008927417374636
3.808713663916077 2.411797475527829
2.900608792190527 3.9950484349066504
3.398364968901528 2.0827730097996
2.5633625625178413 2.1003624350945467
2.2146909066319256 3.6191038910178266
3.5385945656978413 3.8425650679922314
2.136092588781831 3.5036506575418334
3.9067324356955044 3.421706402675722
2.0790477373068725 2.6103245839927687
3.701805582606875 3.7123685311844037
2.054558277390898 3.3257912662272173
2.7117256983624203 2.0424521280816474
2.1221439833176943 3.478924643315288
2.0022684704721123 3.0673186080214223
3.9892920541303676 2.8540505853574
2.858160527801443 2.0101103272957968
2.279856276002098 3.6938249179630507
2.325786716134366 2.2614633063556573
2.096226171177885 3.4280103577440793
2.006980454126981 2.882050088960853
2.114465259518535 3.4645731625916683
2.0213499976770195 2.794466126993067
3.9461239486632405 3.3238046845953257
3.668599310218789 2.2563771370009125
3.642277979779662 3.7664717846666997
3.556582371547198 2.1692075688338894
3.6604851945954637 3.750839069122134
2.135953932590059 2.496587253445629
3.9914454579780356 2.869478339518978
3.0987175656982067 3.9951154919016285
3.689321612726723 3.7244554604858946
2.6346949219088254 3.9308878557166813
2.596944738996682 2.0848243575260827
3.9819224190235505 2.8107161839487085
2.012385568156172 2.843099604800394
2.754233381911767 2.0306709694672955
3.505569946434436 2.1372143781551056
2.3653982999952565 2.227160636127345
3.7491976528802735 2.3376535069024
3.5548471675913325 3.831952294675528
2.12993564889902 2.507061844707441
2.641469861100681 2.066481848328146
2.1637561058400268 2.45164231611095
3.86896434521124 3.4948746980313308
2.783191267516335 2.023785897705413
3.3165261563411907 3.9485837824630314
2.92884563715845 2.0025346839871507
2.1290173267435892 2.5086862683710986
3.996273385877813 2.9137483878900885
3.0855859450156915 2.003669208537761
3.1351201188620945 2.0091707748160164
2.2457731980801054 2.3433860104553905
3.769033340946251 3.6392086674264106
3.1109988428560795 2.006179464448127
2.380731476491228 3.785179276211023
3.36528105620674 3.9308972821834254
3.9509251998234083 3.3094208531124094
3.143263688308978 3.989684553588722
2.00009945768924 3.0141033856448636
3.961151193547973 3.2760224323153952
3.363743558310097 3.931499127099918
3.9911594132866055 2.867323636417966
3.683667294304395 2.27020617247163
2.2349913229210663 3.6440199717353026
3.5249086873320596 3.851158545726549
2.0378867148042032 3.272650007243264
2.944477135390961 2.0015425840299415
3.7413723642700916 3.6710938961848587
3.053237071053914 2.0014180983686916
3.1057973650848183 2.005612290129695
3.9993052689778636 3.0372690138463487
3.1679070164429963 3.985802837198804
3.1911997462874435 2.018448851551985
3.9587795877875274 3.284150843817116
3.921257302612937 3.388953702106478
3.9439031587997015 3.3302223899252525
2.5775953561074183 3.9064073680293983
2.26890039206609 2.3177292595465615
2.3485209014836155 3.7586665830233192
3.997636507234664 3.0687124401591173
3.9344607251838206 3.356066220089646
2.566078601128159 3.9009507309509797
2.1921323564355295 2.410636045824323
3.9739960616057695 3.226564939865925
3.650514924368789 3.7594934714488786
3.9866319839253297 2.837035806707215
2.039142406520819 2.722957250494807
2.5977546226534978 2.084468101919234
3.4336018219916955 2.098895422292461
2.163280423323148 3.5476315823669315
3.647309607018535 2.237772820832588
3.288419589170836 3.957504120399764
3.721848305232652 3.692051316184535
2.4072249013853337 3.8053680416197135
2.0643284382122964 2.647127886534286
2.0699780187279386 2.6324961029447587
2.8200784558418026 2.016319036502317
3.953719754599995 3.3006969066780125
2.0221227144859926 2.7908206165135865
3.825058108870715 3.565047889109126
3.0048338085796678 3.999988317079062
3.9734428593857047 2.771069880725617
3.9934626813136234 3.114157351218159
2.2896461546372797 3.703844737409037
3.491234528727884 2.1289726538245235
2.5866406821361214 3.9105679954485053
3.7617319276868937 3.6478923292819645
2.3342891307893163 3.7462097819077123
2.7186373048364505 3.959601497378106
2.0005714471082943 3.0338018884796507
2.2637255812586736 2.323316927722348
2.340169772909779 3.751414713336162
3.500395289371024 3.8657970630438108
3.1247752934264144 3.992185026167172
3.159952190141061 2.0128752374349643
3.6782023512148174 2.265124792358122
2.0036041129145543 2.9151752618677294
2.9909011087382273 2.0000413957679015
2.0004421947736377 2.9702646000353443
2.4932557559116426 2.137903560450851
2.6584604736017714 3.9398674118766293
3.2899366247623933 2.042954152811167
2.3205590830507266 2.2662697768422437
3.971671070899463 2.7636626775621536
2.000002069760868 3.0020345804118285
3.2419060839585403 3.9702996684240617
2.007482979090967 2.8778936397813024
2.5851646054520163 3.9098964751169323
2.5465006791691307 2.1087433781418845
2.026387927527434 3.2282094045732452
2.414692698970361 3.810811546144602
2.1653151329939124 2.4492721427138173
3.437165560314037 3.8993810498755876
2.7144338449396623 2.041641000937511
3.9673030129746656 2.746376497362461
2.3680143642528746 2.225019899475282
3.917641699680838 3.397408745508781
3.6813983609826773 2.268087249974342
3.864503822470339 3.502626243777792
3.8938839498746978 2.551701567974626
3.4103437803709054 3.9119309085182463
3.9993928774542873 3.0348407303832707
2.6642599984024784 3.941954697067378
3.94681024922078 2.6782075949148516
3.502771475290882 3.8644193679192007
2.030018051752298 2.7568230683769688
3.5159033875485224 3.8566467735980563
2.022370907869628 2.7896637020855777
2.7102724644638436 2.0428908342554934
2.2527746269585953 2.3354292799986345
2.531313383428779 3.8833645088223894
3.649107556298806 3.7606966414779235
3.007708713427373 3.999970287427229
