1.0021632007169965 2.0657398052678198
1.2321744790070897 2.640659011730863
1.2755363624254024 2.6893130187601146
1.4060726594713158 2.804518684787696
1.9771924365514841 2.9997398736919227
2.927031959660722 1.6250176727262988
1.7099506561772126 1.0429883082490734
2.7142262687841088 2.699914878380743
2.9482399800317283 2.3175546256464035
1.3363788855868632 1.2519311418692354
2.205029655656168 2.978755761312041
1.5665029453382917 2.9011549831186776
2.343427442364726 2.939179211775273
1.7474683157104736 2.9675886256203587
2.532900297754722 2.846178038389634
2.72896112262935 2.684555097632731
2.7264394132172605 2.687230513673951
2.998059822650543 2.062262271166151
2.966979649496261 1.745146399946777
1.9255827239476175 1.0027728097244122
1.0006734865760372 1.9633050471058224
2.2094909616989367 1.0221894166217802
2.5064186437758673 1.1377122538060678
2.6410801043478833 1.232526026624155
2.468340201046055 2.8835482194448367
1.0017097163591355 1.94154908394009
1.0327864617050913 1.746035491969757
1.2445506788742406 1.3447929157811025
2.9586426225249953 1.7153874172170187
2.9873567045814307 1.8414858431618888
1.0589294302090995 1.6617897360022467
1.0007921087918281 2.0397943481831065
2.810953099526717 2.5851111606934283
1.5660970719458311 1.0990403732541514
1.2715491400352823 2.685098054745934
2.687346512196122 2.726329658056055
2.392116595005832 2.91991552651373
2.8729427666571796 1.5121773620044796
2.8718458860396856 1.5102196910903056
2.09146451593534 1.0041916638606032
2.1359170241269543 2.9907202241563824
2.8724600340621147 1.5113145296161001
2.7467780655531717 1.3349266801256703
2.849030904151901 1.4716568124835847
2.7626720831416938 1.3532146464271861
1.3045865765329032 1.2813901124658995
2.883177187649153 2.4690395028311936
2.90775954702587 2.41949088760471
1.7302783906727428 1.0370616564587771
2.5241469109205124 1.1483721377429665
1.169886103220599 2.557593865078982
2.9262897836488477 2.3768119381173722
2.9881492894757953 1.8465041312983281
2.369733252598903 2.9291379455832356
1.070553599634823 2.368957163974647
1.0743541097133245 2.378390916639641
2.4787560996151434 1.122052053319051
1.8315700626225782 1.0142863721166082
1.9146770778579736 2.99635335045211
1.8668530055298156 1.0089036989961286
1.6594509904084775 1.0597732337003838
1.5205134471088924 1.122450773120617
1.0670363244764414 2.3599705267845854
2.367645432558213 1.0700339598033244
1.0199319982561081 2.198662306333474
2.6569914077314776 1.2461019364880876
2.5555344460433296 2.8314935232816496
2.9978083135720786 2.066170759149676
1.422204208638461 1.1838186332163096
2.8474783970657587 1.4691701152847059
2.7309785437555947 1.3175995540967531
1.0252680430563403 1.776622265852696
2.050494630710268 1.0012756675291055
2.4205259929391048 2.9072804909522634
2.999727796879577 2.023330926820585
2.6822649040622926 2.7311050544790882
1.8159059950606473 1.0170913585966448
1.0457166782651013 2.298903566152376
2.4447510331735165 1.1043457595192834
1.6625284105010882 1.0586642860907283
1.1121878122723055 1.5397940468418894
2.258931804482348 1.0341043945500554
1.1404484844518938 1.4889508906974265
1.2535257382552654 2.665414289411231
1.7284507178978337 1.0375754640545587
1.3362255332435815 1.2520672107186153
2.997220595576578 2.07450559548044
2.8151813379767376 1.420794176294423
1.7065132509369363 2.9559631416139402
2.984393984402389 1.824021355067185
2.8060192610477017 1.4081106937778678
2.9265587127780717 2.3761501718397096
2.8542669982185567 1.4801655111916332
1.536974756322653 1.113654907094571
1.6705737599335053 2.944181313284505
1.694269003367937 1.0478820673370524
1.5128237459044143 2.8733036685170816
2.1175120696850094 2.9930714543668775
2.0574207863908094 1.0016499344967913
1.9970825389909517 1.0000042557984257
2.979988987957471 2.199051710573136
2.5423309709205153 1.1598350650137728
2.4074425836632467 2.91323082570499
2.272102360808425 2.962268312500459
2.9305951276794864 1.6339498554307066
1.1702440826786922 2.558126435201088
1.3185746374784908 1.2681123888789823
2.1719218257988864 1.014889404272811
2.31146287662047 1.0497416790749465
2.986370998274607 2.164536481555778
2.881790994463719 2.4716403736775354
1.9239405124533318 1.0028967183114188
2.404266273381843 2.914641339655035
2.9703976573364774 1.7584872950839308
1.8445156299410834 2.987838352498718
2.9744921898415697 1.7755785840482634
2.2691600969538674 1.0369045518704885
2.9458568030037933 1.6754157918021222
1.821035480524434 2.9838555284028647
1.8677311122345297 2.9912138726477173
2.921144026213234 1.6107781057395758
1.5605875949754302 1.1017145563293795
2.8691045188101465 2.494628482180094
1.5491718928211202 2.8926107873970093
1.9935802101317042 2.999979392936698
2.0045559885521027 1.0000103785697008
1.1565555270629269 1.4627836366305447
1.076114659300789 1.617330590141957
1.9895102283965327 2.999944980832299
1.8584633195739433 2.98993301192251
1.1113883811411038 2.4586604308515962
1.002421572221712 2.06955056025223
2.6083580319533515 1.2063372851406933
1.3898462885729779 2.792283060800766
2.824039215178532 1.433467236739172
2.9993692593599737 1.9644882632599088
2.7550500393132533 2.6556671702419257
1.4420534919050723 2.8298769150329925
2.9803542293774283 1.8027550128855263
1.1297276175563618 1.507429212847662
2.314779573816409 2.9491648012373615
1.8642478109391776 1.009257176071815
2.6073309661822357 2.7944489269400217
1.4571215556346335 2.8398112851369883
1.3482483039510016 2.758432414060247
1.0811558929523417 2.3946207127658043
1.5013742214221337 2.866817358465794
2.8203437221918817 2.5718707698950602
2.98754731318799 2.157322294081869
2.1908659505227335 2.98161611077399
2.311369012279425 1.0497109186188998
1.57944121784726 2.907265292378257
1.9676327546566057 1.0005239565507933
2.981616538432488 1.809136248921332
1.1967246601453163 1.404392135393309
1.1905605795346113 1.4127966071311784
1.4425730777444958 2.830226009195542
2.7669463877194707 2.6417111798652533
1.015698280094155 1.8235060222262667
1.2074566968213305 1.390184361805436
2.745402465665884 1.333385295557306
1.6619191894844672 2.9411170838748815
2.984019357984664 2.1780615149644897
1.6024522241296073 2.9175814764371086
1.9118885827853134 1.0038893745389423
1.1726264862081677 1.438347911358146
1.0047815776215594 2.097674417114042
1.1708946221616907 2.559092364855392
1.0617598445120393 2.345984697103683
2.7356423325732546 2.677370178356105
2.6153915028374097 2.788221604775912
1.0394649523771375 2.2781589874301122
1.7368704356847249 1.0352394948054449
2.9893576257863743 1.8544957447414385
1.0026286529797852 2.072459617326358
2.7253544653633868 2.688375551263549
1.7700137787141996 1.0268061148883647
2.9688670474186076 2.2475815914528985
2.7842755942423913 1.3795874015820249
2.1608375445943624 2.9869808935581563
1.0660202592422041 2.357325963028158
2.127859444957687 1.0082077020186575
1.1663345569830255 1.4477302026008376
1.327113315999441 2.739745571460034
2.2895918839040528 2.9571502185012033
1.6077395944755435 2.9198542135891907
1.8298625208212265 1.0145796642149643
1.4522727146268108 2.8366569313988363
1.5554581794453126 2.8957580978020374
2.313903458185507 1.0505450937831857
2.12975375065192 2.991546249144113
2.9916149687741562 1.870772473121905
2.290512392109078 2.9568712295973065
2.7526577150171994 1.3415879982677348
2.43158059698249 1.0979256193039082
1.097638647609593 1.5690197339643543
1.3075012311374672 2.721419056529474
1.1921567607899577 2.5893974048658737
2.8706809949215666 1.5081518475358568
1.0156158842569334 1.8239661604328843
