-0.13750973173655956 0.9905004157887767
0.9945640086489835 -0.10412700274215408
0.8561826951368803 -0.5166731970483353
-0.8216186147117036 -0.5700375881985512
0.9754089490145683 0.22040277262842078
-0.24869224418731878 -0.968582555945065
0.42576023318901707 0.9048360204118941
0.8124349411050619 0.583051855731216
0.8744038552630096 0.48519882306244916
-0.7897942788920215 0.6133718260805853
-0.9882821305335947 0.15263823396508153
-0.9991097999953124 0.04218539502395371
-0.9523842822772915 0.3049002769286512
0.6105614872319483 -0.7919688569060728
-0.9999683036277254 -0.007961892984029205
0.15176727904415865 -0.9884162549308527
-0.9602885053713298 -0.2790089361502557
-0.28199315549063003 0.9594164165035104
0.6745218429850126 -0.738254890492506
-0.4414496521928554 0.8972860216111733
0.4059582444615172 -0.9138916258253618
-0.6367517942244144 -0.7710688377518502
-0.459233272864484 -0.8883157102596883
-0.9425387972437727 -0.33409671607225117
-0.7226912521967466 0.6911710019946572
0.924688952849698 -0.3807234435620283
-0.8736355931799835 -0.48658077472199657
-0.8711754135809728 0.4909718920386594
-0.7644864149871072 0.6446398384370613
0.9307078609694441 -0.365763417429466
-0.9702450007188486 -0.24212525390814063
-0.980646811466403 -0.19578516583433253
0.5938522167079701 0.8045741387287004
0.8386824978217051 -0.544620664176035
-0.07132981354966383 -0.9974527846965842
0.46895042769598916 0.8832244880910791
0.04776825107209086 -0.9988584455214431
0.5492145718340452 -0.8356813711488048
-0.6912426978393782 -0.7226226765634595
-0.3923847811666468 -0.9198011652030034
-0.8767902373093206 -0.4808730391268212
-0.8149450929595775 0.5795381742914832
-0.3674321924368171 0.9300503125966217
-0.15797333658894036 -0.9874433780865399
-0.9485511885284507 -0.3166238189733422
0.541881885634687 -0.8404546519717742
0.48436798059008696 0.8748643662757566
-0.9716599927544955 0.23638286418506246
-0.6205714422885189 -0.7841499123356116
0.9999305672476418 -0.01178391631883311
0.001977124520390067 -0.9999980454874053
0.9599435619124417 -0.28019342951406667
-0.8420904538173712 -0.5393363214077592
0.4489475599877234 0.8935581057665302
-0.10054150189995988 0.9949328652706676
-0.9254690408100259 -0.37882324968535214
0.40443105766572296 0.9145684881928661
0.11299507554618489 -0.9935955479481136
-0.19129772734128625 -0.9815320573033053
0.3425948299974462 0.9394832528890661
0.6303813859534584 -0.7762855842042907
-0.30545996993303903 -0.9522049184752759
-0.5020458709936673 0.8648409931416353
-0.69208850380416 0.7218126508326931
0.3214800348789445 0.9469163570106035
0.9533862502359359 -0.30175264350302117
0.005614496637608344 0.9999842385895421
-0.964080719044118 0.26560942597614345
0.582342089796866 -0.8129438421262681
-0.9762622157279388 0.2165919807887067
0.3869409322438577 0.9221045032718658
0.6232859953578276 0.7819939692803277
-0.5970461085382324 -0.8022069211116003
0.4166602716334992 0.9090622740177366
0.8320544662413359 0.5546939383190027
0.8361976742184305 -0.5484281626901445
-0.6954861838161179 -0.7185394687286795
0.17617511528373847 0.9843588414570986
-0.48749980708337404 0.8731230944681702
-0.6409632168975625 -0.7675715957383573
0.5238450873823168 0.8518135502710747
0.8428027147574849 0.5382226156502656
0.6661653945886967 -0.7458040406517559
0.2990860210325549 -0.9542261534997425
0.9315364785895118 0.3636478915888996
0.09918629794159649 0.9950688811839313
0.7706078378284753 -0.6373096266943739
0.4188654535358333 -0.9080483091962788
0.3797774600904328 -0.9250778782390484
0.6112938307409777 0.7914037228229477
-0.051425510890350024 -0.9986768330294172
-0.10135614336090067 -0.9948502059119275
0.8235211587149082 -0.5672855552090632
-0.8959935567564025 0.4440670515260182
0.9998356375139481 -0.01813002915267912
0.8594604212232385 0.511202292982703
-0.9688492812121876 0.24765110598304907
-0.5882794856152287 -0.8086576820906866
-0.41044982526984763 0.9118831838212346
0.9949408110172172 0.10046284174958466
-0.6810262493757362 0.7322590031274573
-0.23883535048783497 -0.9710600781400464
0.859547381133602 0.5110560630560667
0.772933443036322 -0.6344871099053287
-0.5923818907858511 0.8056573064703006
-0.19425598166808072 0.9809508721573014
-0.9355640093513108 0.35315716672113623
0.5888179754243058 0.8082656690824012
0.7469922976083476 0.6648326912192283
0.08411829150626092 -0.9964557757542819
-0.6939570903129 0.7200163587061433
0.9378334786794962 -0.3470855316314913
-0.7642785711570097 0.6448862424259023
0.5983801851987229 -0.8012123026773503
0.29598519436052373 0.9551925275667534
0.979560580587667 0.2011493697697127
0.8645437968584784 -0.5025574825962957
-0.8395227518679236 -0.5433245338617692
-0.386333873995243 0.9223590070053134
0.8793702648568017 0.4761385694161715
0.7415490900802694 0.6708986115659538
0.9896950000568733 0.1431915041558875
0.8116029377354904 -0.5842094414327123
0.11438956621960272 -0.9934359703272734
-0.9780796185403494 0.20823126517399987
0.8407016628782052 0.5414985817468227
0.8534241480195834 -0.5212170599443653
0.09510851790042209 -0.9954669104610083
-0.983771553161651 0.17942555890929493
0.4250594448270508 -0.9051654370132122
0.0026818049176873305 -0.999996403954726
0.46945259116608445 0.8829576799866736
-0.9987000316532221 0.05097300045958763
0.8913400394187602 -0.45333534401032866
-0.904019945674991 -0.4274902780435904
0.23075218776493542 -0.9730125527667647
-0.3770829453009941 0.9261794925192025
-0.38682374474701403 0.9221536696776177
0.8168919375067221 0.576790744062796
-0.8644703251490865 -0.5026838538650636
0.9722877273522749 -0.23378745740554285
0.9255085167032574 -0.37872679534162407
0.832287660259406 -0.5543439821806704
0.7967516113427773 -0.6043069334557465
-0.702447101765612 -0.711735954705881
-0.7181998614576223 0.6958368767191433
0.9830973333733987 0.18308367790197097
0.9983836380636416 -0.05683406766022858
0.9345171466406331 0.35591811225989806
0.9738306517174927 0.22727485953242454
-0.5581010489212505 0.8297729925666416
0.08889531337387443 0.9960409746893752
0.4459920192330019 0.8950369371039777
0.24651859471400678 0.9691380616095063
-0.08785442144354856 0.9961333247275785
-0.9015760133994939 0.4326207254197093
-0.45657511527173084 -0.8896848678687335
0.6639531821456278 -0.7477741449921191
0.33225331310654616 -0.9431901907514324
0.27973700293342874 -0.9600766683915524
-0.4415054107492495 0.8972585871860668
-0.3129346847350984 -0.9497746485823596
-0.9161161451568872 0.40091296883848143
-0.8488654540959977 -0.5286089678036078
-0.4061463287663136 0.9138080540406971
0.9632850836282341 0.26848062808952533
-0.46947795165242706 -0.8829441958086827
-0.5779256333689098 0.8160894327799769
0.5594659058762377 0.8288533646925014
-0.7817283658632065 0.6236190840608078
0.4329924317679789 -0.9013975560382068
0.7594915234699178 0.6505171986791305
0.7391018474889236 0.6735936898742891
-0.9800966187223376 -0.19852107688867918
0.9635757878952067 0.2674354145997341
0.20832886077577445 0.9780588355348915
0.3625003980857625 0.9319836164802812
0.851954881808984 0.5236152016145446
-0.9453989013386204 -0.3259155064548625
0.4916469025295328 -0.8707946504389632
-0.7683391386159579 0.6400429423647196
0.7939297339422163 0.6080095209471984
0.31256878075406686 0.9498951296316431
-0.04875969482726646 0.9988105386710494
0.9995809223829633 -0.028947877435563978
-0.862137651437923 0.5066741260150378
0.28193378057042445 0.9594338660758582
0.30976230365558527 -0.9508140276804844
0.9562209248059429 0.29264576361749595
-0.8016366669347369 0.5978115541086219
0.9999576312655336 -0.009205198195754298
0.032966260330746976 0.9994564651248224
-0.36085561062145816 0.9326216962321939
-0.3993478257578704 -0.916799495016474
-0.6221822418954044 0.7828724403566705
0.5977902945765209 0.80165252055371
-0.20805968556867518 0.9781161317763162
-0.9197081698229739 -0.39260270294647215
-0.07949306093961793 0.9968354193458668
0.3818635471021768 0.9242187140469206
