5.027427512782468 8.644360740026869
2.071739471869503 -9.783041222477696
-7.477740512198288 -6.639532877562132
-9.629157435032054 2.6980228114986193
-5.3916263827138176 -8.422016679467234
2.6430317877944516 -9.644396454351515
-2.6094220137703292 -9.653544258667425
-9.585006223306252 2.8509043651410755
-7.5221230461165085 6.589208213365464
8.134998394728463 -5.815651392386355
-9.810634342511268 1.9368670056404285
-1.3814191917172147 9.90412444473288
9.523636358253354 3.0496476051758474
-9.35709787224157 -3.5277073871414406
1.2399186721919973 -9.922832341944996
-2.7066182455669345 9.626744915741986
9.996471339688282 0.2656327441990739
2.640327902006423 9.645137042566391
3.522187068742704 -9.359177220930357
-9.796849877683371 -2.0054257588191367
-9.722347682339224 -2.3400759696456714
-7.818352889069806 -6.2348502870537175
4.872711293421579 8.732507351898525
9.42374204123001 -3.345606961427779
2.6855337908548234 -9.63264803977478
-6.430776734685995 -7.658009570940828
4.890476254188979 -8.722570837041895
8.34500877568267 -5.51006610974671
-6.1865706310970525 -7.856611472285454
6.9091003145041725 7.229407502978258
7.522660575152237 -6.588594529264205
-4.957431191073425 -8.684692048988975
8.7757243114787 4.794440823383026
-1.2774008870290507 9.918076777975527
3.137402860091853 -9.495088377339489
-6.104580903584527 -7.920485590643488
-4.944997152644358 8.691777905603617
6.523907518286739 -7.578827791475523
0.6406604065453746 9.97945661063192
-9.875857786211771 -1.5708064764700782
7.9033026430612905 -6.1268105350321065
8.502587411756213 -5.263649618415418
-9.910127408960799 -1.337675124297343
9.446278888920116 -3.281434922826011
3.727189887331947 9.279442631094309
1.337077997697878 9.910207991161045
-7.047054832062639 -7.094999520359576
9.676917396892067 -2.521362666045419
5.298998329745923 -8.48060237844871
-9.692168157874223 2.4620878131149166
-5.5082255931875626 -8.346223745775902
-9.761252351023957 -2.172084837116008
9.660282125813826 2.584366314917819
0.8986298141748448 9.959541377848485
-8.883812621193664 4.591064507444887
5.21753688672649 8.530961776707738
0.06631375214246386 -9.99978012189652
-5.157720557362678 -8.567258526048949
1.3755431077727256 -9.904942259228923
-9.747615116230769 2.23248730026162
9.821806310212262 1.879393733275332
8.470099021777983 5.315771116336336
9.59366027777586 2.821645348839148
-8.248367181908607 -5.65371018291644
-7.690076147371979 6.392396174176045
8.390544800000212 5.44047405647609
3.1258233760559353 9.498906685598206
-3.328281893683989 -9.429874847323019
-9.826465465347043 -1.8548790953433905
9.31851763745078 -3.6283920737041013
8.577521153522415 -5.140635258494371
5.559249295057268 8.31232502224289
-5.474482827683622 8.368395172874973
-5.328924246952823 -8.461829965807532
9.799287725281456 1.9934793896973662
-9.991359618540939 0.41561156503334307
-5.239454019565899 8.517518510508488
-6.804569405502186 7.327880676273572
1.3287580870086113 9.911326951836934
9.722618520389188 -2.33895042850103
1.2396174776768396 -9.922869973401752
-2.5444022024838153 9.670885038712616
1.041923809720425 9.945571616289214
-2.4396368931490873 9.69784366906303
-7.861622062721885 6.180202144179791
4.455356950946543 -8.952641757584871
-5.124001611987746 -8.587468048286818
3.862950402234364 9.22375271729882
7.064032186200874 -7.078096444123808
0.3159845764132072 9.99500644059167
-9.66465868416772 -2.567951035074749
-5.421536922079603 8.402793428528849
-8.452716717879923 -5.3433678599992795
3.2229947632404485 9.466377594208074
-9.60960407022845 -2.7668591603926647
-9.462987637817136 3.2329344203865436
-4.233653063413954 -9.059590594427855
8.062547891053217 5.915684364845145
-9.364531853412673 -3.5079257640975525
8.976975408522952 -4.406122162942622
-8.02241109095484 5.9700016991391855
-9.38049458831175 -3.465013892995809
-6.624443383012377 7.491111390525676
-9.328062681274927 -3.603782265093998
1.1199265788265989 -9.937090341646178
-9.865874971811865 -1.6323330054177785
-1.8021032373250172 -9.836281000562291
8.533710601085934 5.213039744421055
2.4495027873078543 9.695356419181868
8.558741094838023 5.17184211587427
0.5493113800634866 -9.984901452079171
9.229533263304441 3.8491188266351117
8.408053998227201 5.413374914311365
6.726667532295972 7.399455649570124
-0.4725138352865691 9.988830295658385
2.7700326145543315 9.608689781354444
9.606765298816146 2.7766995684556743
2.8206093809303923 -9.593964911349607
-7.51319259878911 6.599389136389862
-7.108351007737336 7.033586990348494
-8.28382417868316 5.601629850022604
-0.31392733930437444 9.995071266661247
6.227291237309527 -7.824374981155234
-8.255944948518714 -5.64263883365118
8.883406231431882 -4.591850795415418
-9.551991418215461 2.959638482372161
-4.288183201139594 -9.033907506359814
-2.447675274230509 -9.69581795166971
6.561936865049846 7.54592503137288
9.54950762857343 -2.967642844383041
9.402642564304614 3.4044548473914555
9.190833986126416 -3.940630741323479
-1.1509424092044303 -9.933545770302501
-9.588920844979572 -2.83770982109099
6.003810387407478 7.997140791061394
8.881747634127086 4.595058102317958
9.777625491634526 -2.0971503869152315
-8.307155765991299 -5.566970727384644
9.387802154694317 -3.4451662810837975
-9.565173041964185 -2.9167558480753293
0.3186382567325472 9.994922193861562
0.3196853151470424 9.9948887587246
-6.586952534867308 -7.524098371459877
-9.990706507229877 0.4310260855152373
8.813488662208297 4.724660580520658
-1.6399088662437553 -9.864618538515067
0.09585655174917294 -9.999540565520336
0.3935165783546596 -9.99225423528445
-2.692351953790954 9.630744569186643
9.124841680960982 -4.091120176357224
-1.784154857964142 9.839552400531385
9.999342200591183 -0.11469766988166266
-2.336665425425403 9.72316793486678
-0.4940231228215459 9.987789603016157
-9.85520455633513 1.6955657323711453
9.52548535378564 3.043867404276221
-5.089785227337471 -8.607792187290377
7.868431924217198 -6.1715297174978945
-0.412986369125597 9.991468473598687
-0.6681564481189872 9.977653379469395
8.92912551299078 4.502301364108931
-0.6721947747005687 9.977382130843003
0.5233410329755285 9.98629631861603
6.318240575065891 -7.751118373214993
8.737656945104197 4.86347109682708
-9.778059487609992 -2.0951259286162753
2.050489476354807 9.787517198317365
2.5731736689427653 9.6632694917124
8.758680034712398 4.825507646821258
-7.129544716788731 7.012103260171651
-9.961341297091629 -0.8784529371895127
9.847001566563584 -1.7425728530234634
9.08186803701106 -4.185650840468765
-5.839920077055924 -8.117594070511235
-7.656214078034713 6.432914268922217
5.938738194041654 8.045581934368133
-2.4720286883207514 -9.689637462986898
2.5289923951570374 -9.674926225312412
-2.9082935055782833 -9.56774941589772
-9.820044914650403 -1.8885756204740012
-1.3766590246840604 9.90478722284108
-0.3195369797231041 -9.994893502113438
8.589941630611452 5.119853785284131
-9.204189697096396 -3.909333961158163
1.7408723534307267 -9.84730234374169
0.3958872977696992 -9.992160589555425
-9.680148821807723 -2.5089278163499555
-9.814154524665085 -1.9189504855508523
-8.737347565265837 -4.864026883534171
-4.472458985885764 -8.944110387264331
1.6057457777436883 9.870237104409313
-2.228653697976113 -9.748492329303922
-9.876031131580698 1.5697162444368427
-1.9817073339096676 9.801675165130124
-9.995791988908312 0.29007329155992784
6.338516870625867 7.734546132824555
7.350844573410181 -6.779755457062304
-9.958357071271603 0.9116602662477181
9.960446814053164 0.8885377113089643
-7.57749674646738 -6.525453475221187
-9.487396854316312 3.1605855357368435
2.5622657115533674 9.666167514759813
-4.710268487165093 8.82118873955316
1.785319198640264 9.8393412055364
9.99045088203533 -0.4369109447467686
9.352725681455645 -3.5392827419464594
9.38627292944778 3.449330441392331
3.8854687351163926 -9.214289593258561
-1.513853254100662 9.884748268167927
3.333449474188393 -9.428049353022773
-8.342491077457986 -5.513877276702294
9.879616789565883 1.5469880708421424
-2.9526003895172934 9.55416929616711
9.783475800062506 -2.0696862732287027
-8.476730743951585 5.305189524846971
-9.349709696356674 3.547242392881262
-8.73599347605614 -4.866458464458988
-9.19163411901182 3.938764047543061
-1.9284354513070974 -9.812295180544764
-7.120692637687643 7.021092248331522
9.605639411955218 -2.7805919311349188
-7.3593079935868015 -6.770567616937992
-2.914416757755748 -9.56588599984928
6.3786963105066485 7.701443590543845
-3.4638357411369185 -9.380929695846913
8.276355290725546 -5.612659182747449
-9.97585211192153 -0.6945319582789072
-9.987804728327049 0.49371723568032655
-2.377239283023656 9.71332761679792
8.368253615721631 5.474699208446239
-8.620012178044478 5.0690620483837945
-9.5168400739591 -3.070790615897823
-7.344692253509989 -6.78641994730877
9.463422533475562 -3.2316611754493936
-1.2853844950144435 -9.917045260559037
-7.124083273197068 7.017651852048072
-1.5198737041119568 -9.883824357178197
-9.751741903808036 -2.2143915285049385
-4.170688776883427 9.088748820733173
-1.4780465143719836 9.89016574691005
6.996621368645685 -7.14473858330804
8.749700034392795 -4.841771298620654
-5.721665659098605 8.201374402226234
-2.972330201641512 9.548049705170671
-7.155539274376692 6.985574972244781
-9.993557270348765 -0.35890539736724236
4.1290258173805245 9.107751961895158
8.706941664960148 -4.918248351088122
4.497540033859087 -8.931524709915704
-5.798625545247362 -8.1471431671479
-8.847116693722551 4.661386725820519
5.927516034116515 -8.053853342673408
5.56354610357948 -8.30944972626621
-1.5857659377815185 -9.873466786826798
9.917055394987976 -1.2853063030810432
7.384381746008396 -6.743211862993627
8.646089326328545 5.024454135639774
-3.710710387810328 -9.286044821009455
-0.7833425484318374 -9.969271510587738
-4.082531246659464 -9.128687672390218
6.746988276988805 -7.38093145816811
-8.981119110189056 -4.397669783942054
-9.997709702386091 0.21401099694874778
-2.6958942342093133 9.629753593833904
-7.1415594015171555 6.999866378339084
9.53662652405454 -3.0087795766222882
-7.442815396794822 6.67865996807997
-1.3300278741893505 -9.911156635523392
-1.4470352745432802 -9.894750573623746
-6.593230824943063 7.518597428312051
-3.749771559262536 -9.27034051442264
-8.7678613197933 4.80880524422361
8.318300335930585 -5.550304453023917
-9.998646931967608 -0.16449781109406514
-7.859401840566493 6.18302536857969
-8.505813589290756 -5.258434670530451
8.629427717059235 -5.053016651075854
-1.9233240251619244 -9.813298359585065
9.999607751679505 -0.08857094642801211
2.5347193391257865 -9.673427410791986
-4.39300797115421 8.983400300853546
4.790166563057997 8.778058116585987
-8.32720269864009 5.536939155865919
-9.981773902865637 0.6034813601682351
-5.569744693525496 8.305296144566103
-9.83618046265805 1.8026519092781275
-9.847404457312999 1.7402946457689525
8.49851465866797 5.270222822272855
-9.798025386348234 -1.9996746056485168
-9.751668087798022 2.2147165745127944
-7.756755314460624 -6.311318958156597
3.569043581658277 -9.341409310817285
8.0483196624612 5.9350274313469225
2.63456164434426 -9.646713686129079
7.218695918140034 -6.920291124037226
4.748711850970855 8.800553150595078
9.67693039653543 2.521312773260912
-7.186755198257342 -6.953455955157915
-7.778333927861673 -6.284705347641687
9.40054589720707 -3.4102399966136248
-8.433697449120713 5.373336704199243
-1.9625546515922132 9.805527993918215
-9.075206668529464 -4.200074275947786
7.763437739597432 6.303097211958127
6.768844197911382 -7.360893167571543
-3.5718705477430817 9.340328730305242
-4.28916768934918 9.033440127251799
2.076054623634211 -9.782126415033032
0.04650904622630096 -9.99989184484608
-9.923033078658802 -1.2383111563105702
8.008094098964941 5.989192675321348
9.682474816155096 2.4999362860925736
6.245527612093941 -7.809826172622037
4.173554696426765 -9.087433146710577
-9.987612581951026 0.49758910041674814
4.579900182597177 -8.889573348448526
5.593190000394168 -8.289525053915375
6.926325895097353 7.212905766395666
-7.901167147623482 -6.129564234537019
6.777086375303262 7.3533053970088105
-9.81849493618886 -1.896617301416844
-0.06880238037212871 -9.99976330882162
-5.227516261071392 -8.5248503646829
3.202555075477992 9.473312039014136
-3.6866404542249342 -9.295627045082659
1.7700664002171105 9.842096572317427
3.645311780127361 -9.311911835153117
1.092004968641665 -9.940197440114654
-4.739191202969563 -8.805683774795455
3.0799175327234227 -9.513890265901896
-0.3229843788512294 -9.994782693536568
-5.015122912775914 8.651505196770676
1.920270105278281 -9.813896408805961
-4.773305510008676 -8.787238161568219
-3.1656561744139617 9.485706140577769
-9.97049142256451 0.7676592945881124
6.216808997461614 -7.832706166394877
6.830728674750253 7.30350229492294
0.170170606484504 9.99855199339828
-5.823943568489125 8.12906398738835
9.742962095672807 2.2527071718896257
9.607408774197374 -2.7744723183833204
-4.431162457168667 8.964641614597816
-9.761701309132286 2.170066255044995
-9.678757533228044 -2.5142896835848867
-9.630046203366101 2.69484881227763
7.555103532240807 -6.551367080016391
-1.4264889571004908 9.897733541335125
-2.751107350926813 9.61412545911881
7.290504446545034 6.844599689894732
8.86989245510749 4.617900803918077
9.896117595260222 -1.4376566143488725
9.988789984465187 -0.4733652355718088
3.7498552111871075 -9.270306677512503
-4.583416071735124 -8.887761085524305
-9.594362286158045 2.81925740611746
-0.5507883097409452 9.984820090409878
-1.8647211828370345 -9.82460253192356
8.509375452546141 -5.252668789063818
-0.5753628053903208 9.983434160757177
-8.652652108314786 -5.01314387310754
-9.84349412878639 -1.7622778828969843
-7.56576851604718 6.539047848241307
9.935645904136047 -1.13266961980297
2.193146026086273 9.756541933916033
-9.217047644404936 -3.878921592500861
-8.085183905624909 5.884709101750396
-9.92733041487943 1.203374768644331
-9.916190864598175 1.2919592628483691
8.847059118971895 4.661495998648527
9.999901073933394 0.04448046251720871
9.971266935634457 -0.7575194375875995
8.112334233112348 5.847224409091335
-8.376413624347329 5.462206037293763
9.990730577100774 -0.4304678103919595
6.298416473996225 7.767235667861055
8.983821755855695 4.392146019773692
4.762018255595932 8.793360116211042
-5.37707411916476 8.431315076369078
9.917804864141942 1.279510326962019
4.842034881135878 8.74955417206291
-0.08649543623032897 9.999625919978772
-8.465705973704033 -5.322764541738799
-8.019713168169663 -5.9736254235000485
4.800183185714394 8.772584646703889
-3.8817778800867724 9.21584507734744
9.053542682546443 4.246570957291278
7.298413756096146 6.836165346510173
-8.219795988002526 -5.6951693491605315
-1.5784934655007579 9.874632062987025
-9.559360588162328 2.9357495031914427
2.42274540217408 9.702077340252671
3.5799964567524696 9.33721721765322
4.843364259454499 8.748818357369112
8.608006476962935 -5.0894228054430855
-0.548117869118345 -9.984967040584218
2.9797071856309403 9.545750106089063
-5.114739906177601 -8.592987588269539
-9.892806630857995 1.4602660594741212
9.994425428037907 -0.33385680072345686
2.459645948740908 9.692788133805589
0.8675530562872809 9.962296507057326
-7.324670443692025 -6.808024889151366
-0.5814439281339123 9.983081836709355
-5.546935689117342 8.320547125087167
5.9210223671547375 8.058628551289189
-8.042962409182644 5.9422853923785
-5.238372542625276 -8.518183674039296
9.252929479118645 3.7925316154855118
1.6217600708352273 -9.867618470160087
5.781502142023519 8.159303461802205
8.543494788548761 -5.19698920511099
-9.674421530449306 2.5309223716224274
9.961272593864534 -0.8792316593044959
-9.836000688622393 -1.8036325716231132
5.499995369313315 8.351649593794754
9.588974899070074 -2.8375271602231518
8.757131995917929 -4.8283163945696925
-2.7965379683248646 -9.601009081951617
1.6104662447771079 9.86946799348544
8.728762622949311 -4.879416263468719
9.99211771680017 -0.39696792516294677
-7.266850770703643 6.869707408348908
-4.640620274543591 8.858027064052974
-5.562184579137073 8.310361165894642
-4.394002019280844 8.982914129309924
6.618688683196046 -7.496196376492054
-6.382407979118826 7.698367904178154
2.5519517710779867 9.668895601778516
-9.91232311089695 -1.3213063782402021
2.8255689977999445 -9.592505399460133
3.7801140402199493 -9.258009388790443
-6.941307034411803 7.1984898870544525
0.6300686597175514 -9.980130935215316
-8.278502172631354 -5.609492114063265
-3.282500345959614 9.445908716411303
-4.899543130833405 -8.717481121809396
5.30896946236302 -8.474363884545962
2.828746700602748 9.59156880305975
-2.420048711198194 9.702750343867864
-2.5496521740334526 9.669502251483603
-2.700131884321454 -9.628566238400746
-9.989051759000768 -0.46780867457076836
-6.65243604225696 7.466263771370562
-6.076985637698542 -7.941677754681667
7.464030439459123 6.654941742707267
5.560767822102768 8.311309236736799
-9.800830273356508 1.9858816563074921
9.055148921503287 -4.243144825409314
4.373232228780335 8.993043971490241
7.482916415391044 6.633698962138036
3.092680760989279 9.5097489825235
6.886034483724117 -7.25138118491659
-1.5961724284254428 9.871789785987868
5.970192279920164 -8.02226926379199
-3.6101555427628753 -9.325597940993301
7.2380674488120045 6.900027507658798
1.1814459045393213 -9.92996402685565
-7.290602936915079 -6.844494781665425
-9.646359488867912 2.6358582305442724
-4.760721478327491 -8.794062258466864
-0.6818813570500181 9.976724804007958
4.086529678862899 -9.126898442722627
-8.34481735071687 5.510356012380208
-9.771512976685292 -2.125449163464266
-7.739843162039071 -6.332047680414057
-2.7917586182753142 -9.602399898842242
2.1543377095182126 -9.765184536574198
-9.511636195735658 -3.0868716980093764
9.998054113363851 0.1972661812074569
-2.722447887461005 9.622280265096165
-9.990499576689718 -0.4357960625826776
9.572874195551059 -2.891380230297063
9.126833796948905 4.0866740563533135
3.9894653448651027 -9.169741886341205
0.6420869467260065 -9.979364927331002
9.997125882575578 0.23973753969183875
-2.1488849663996072 9.766385892497887
-8.317634975580816 -5.551301506223087
-3.1038515829981406 9.50610884382879
8.025957858169036 -5.965232640802426
-3.9360078998648254 -9.19281468388228
-3.4253114498053017 9.395064740161864
-9.930598430684464 1.1761015298379887
-5.2286951705517515 8.524127334422499
-7.8716223611647465 -6.1674598825781715
6.243898415720625 7.8111287644079646
-5.541021155060699 -8.324487044807613
-9.505579008778998 3.105473829846272
-9.89717125502338 1.4303849652240255
7.0213123973962706 -7.120475561236724
0.07083889672197032 -9.999749089387754
8.721244737806883 -4.892840711005802
-5.927234257693997 -8.054060718322075
5.618343076404927 -8.27249787402891
6.648495160445372 7.469773229592346
5.356975118578942 8.444099571826836
9.994384615317514 0.3350763511568128
8.860937147183387 4.6350612588902775
6.0431033915505274 -7.9674902823304725
-3.184985737307881 -9.479233400077527
-5.119219477904737 8.590319664426973
1.4032960330293178 -9.901048441639107
1.1369562937798914 -9.935156283926
5.453604470775555 8.38201636101582
8.273121487377493 -5.617424752953333
-7.990890817948772 6.012126407155957
0.19008873580359453 9.998193150390755
4.729347529434556 8.81097451737498
-7.797617773637818 -6.260763296615486
-8.896263050059604 -4.566892131870885
-9.998131887863384 -0.19328412477327733
1.3144507306990982 -9.913234551677096
-9.68627286453118 -2.485179670335115
3.020201699316971 -9.533015351684003
8.230907335593407 5.679098910291546
9.582573200616816 -2.859071677104368
3.5565847129288426 -9.346159916230883
1.7905244864629437 -9.838395299202844
9.999241536442256 -0.12316125968790163
-1.5735707653799167 9.875417715030675
4.451980857396715 -8.954321104660766
-9.427108287958998 3.3361099093247444
-5.514705740768251 8.341943454180068
3.221122163613637 9.46701494701878
-0.6922502505063544 -9.976010705220494
9.990535954608777 -0.4349613082439368
9.94973785954728 -1.0013573419571562
-9.99983850236042 -0.05683244416794981
5.0634969947441455 -8.623282332396233
9.581643328214797 2.8621864248991287
3.707137190369222 9.28747187623098
9.714406034087364 -2.372828566265794
8.169428395359796 -5.767186462486631
9.998164968037225 0.19156532022581135
-5.034268788796479 8.640378334433604
8.659305518183293 5.001642524487368
-8.920862165673894 4.518652257150144
-9.917898352820457 1.278785464071778
-9.223899864780261 3.8625990323235335
0.3463379367943268 9.994000702098088
6.096751145999556 7.926514080209099
0.5255262949480302 -9.98618155819922
-8.339082999275403 -5.519030234669488
-6.168675019977627 -7.870670142872463
-3.1873480115658825 -9.478439357466344
-2.7771075579339604 -9.606647365843408
-1.5136459352388036 -9.88478001691161
-8.39679643124721 5.430820351677463
-8.428537244731935 -5.381427311983934
-1.3299963619014121 9.911160864264538
-8.897951047659838 4.563602431571927
-7.6671856253534765 6.419833688373322
1.7228097399123619 9.850478495995162
9.670387706043917 2.5462917379582977
-8.298530998843836 -5.579819285714182
-9.906640030497016 -1.3632620093562688
2.8703094885522393 -9.57921309085078
8.306588111838611 -5.56781769998457
-7.568785156543946 -6.535555925403749
6.651899741366718 -7.466741580556099
-9.972325069520135 0.7434599571061263
7.080608172954373 7.061514561416108
4.940490074778887 -8.69434056274605
-9.391108777952905 -3.4361425931785616
9.007574209481765 4.343225398327716
-9.995766707307839 0.29094317843213024
-1.4700166023590422 -9.891362453615214
-8.645012528285752 -5.026306634675443
-9.416817322531628 -3.3650485158565364
2.2199080023256483 -9.750487601202853
7.773944557045525 -6.290134022736101
-9.378208347641944 -3.471196938840974
5.298394923473861 8.480979379464756
9.099115123912762 4.1480241033270335
9.066925059429579 -4.217922470445364
-7.685605124757947 -6.397771007647458
-9.982540211579968 0.5906698944325656
5.805256581652719 8.142419543426744
-8.23076380177929 -5.679306933008616
8.823449936380452 -4.706031366256261
1.4556969949982164 -9.893479987282188
-1.1173538378003742 -9.937379956565653
-6.487295350240912 7.61019047322356
-9.067113085676095 -4.2175182621491185
9.569227116732822 2.90342769642801
3.0425649673548705 9.525901449176601
3.144233482343356 -9.492828651593316
3.8069704118899645 -9.24699823093929
7.546222251765257 6.561595059660639
2.6861526235356568 -9.632475490914706
-4.083103122477997 -9.12843189661896
5.633853317249562 8.261942677101802
-0.1332023754054715 -9.999112817004633
8.941154238643442 4.478365871697891
-7.957917305098764 6.055704101523589
-9.196999648492024 3.926219233007449
7.975305055157608 -6.032786195215069
0.8081124828347331 -9.967294227376188
9.170711324393196 3.9872363617732014
4.7805689333478805 -8.78328871627872
-5.175937410323349 8.556265068615817
-8.716949387384982 4.900489095770806
3.7777039318695804 -9.258993087973288
-2.4166870732042325 -9.703588181193984
2.53444497548311 9.673499297888455
-5.2288999726278105 -8.524001705551969
-9.379767481239515 3.4669816840995433
-5.755602760993325 -8.177593585991298
-9.652329016102394 2.61391364909168
5.928780742905969 8.052922382746983
-9.532192619023261 -3.022797359043186
8.850553336202363 -4.654858283883326
-0.490029608619572 -9.987986332723736
-0.01115738372831557 9.99999377563748
-7.769013712215028 -6.296223148794433
-5.210308913668541 8.535378200416554
1.7676886417246895 -9.84252390730739
-9.986709334584116 0.5153995212749729
-9.189115662070696 -3.944636022383692
9.093981414525974 -4.159267006607795
-1.0080056570900118 9.94906651878831
-9.88753796537109 -1.4955243172029435
-8.790639324852748 4.767038940511441
-8.680792984293447 4.964255549812244
-4.099026513445797 9.121292761558987
8.607212736513693 -5.0907650612060715
-0.9877888056734839 9.951094074290834
-9.10243229426847 4.140739828612569
9.993779556302396 0.3526615658564009
-6.72939575204971 -7.39697457155933
6.409744575204278 -7.675622090791034
7.2992697370654325 -6.8352513710587655
9.997586882829438 -0.21967366769084862
2.5909829801044513 9.65850957429815
-9.38586764029396 3.4504331088839684
9.322754668696966 -3.61749158772884
2.7797124799415753 -9.605893947408386
-5.507793645065627 -8.346508800892424
1.1497843952405886 9.933679874269215
8.828264532806287 -4.6969932232008365
-2.0074381476615617 9.796437724158364
-9.1834612362505 -3.957782172162136
5.357239045855361 -8.443932129379224
9.604619235477655 -2.7841137443525237
4.057173224047573 -9.1399860738445
-1.0154785438214193 -9.948306555742958
-5.118014872035674 -8.591037409394843
-8.411655646637353 5.40777674117506
-8.479608580135572 -5.300588488808689
9.970752677125516 -0.7642584978882305
9.744997990959952 2.2438837216278626
-6.653599438845863 -7.465227023164803
0.9159025323275511 -9.957967792239337
-0.3301755316094446 -9.994547719548216
-9.981369410490263 0.6101349779591779
5.226828950550651 -8.525271791660696
-8.660566513695775 -4.999458736888565
-4.145294424743254 -9.100359011170521
4.461106311803639 -8.949778236067402
9.146304987504566 -4.042907997413384
-7.924569437046108 6.099278583360064
9.4448040495664 -3.285677474326131
9.57956298473236 2.869141512987051
-1.0298268732519462 9.946831486012425
-8.11474143741596 -5.843883246941571
7.6901245379342145 -6.39233795970317
4.200418436150194 -9.075047380661411
-9.873005201102691 1.588637245880638
-2.935551525450195 9.559421386330191
-6.623722222163177 -7.491749056370062
-7.474494731004718 -6.643186623615409
-6.4516384008538585 -7.6404425228273185
-5.479084886512439 8.365382765085586
5.186642252241665 -8.549780239705667
9.968615545371497 0.7916464542822863
-7.329358389966276 6.8029777003479115
-7.474602742962352 -6.643065093381194
9.899224432739604 1.416105797690005
8.574730035972278 5.145289574960271
7.235601893080656 6.902612928800778
0.46092995563369904 9.989371530581867
-7.371551706236436 -6.757235044179142
-5.42326236669946 -8.401679909514607
5.944337042580814 -8.041446208500158
-5.881216013258063 -8.087725156395766
9.904340893030735 1.3798664698582854
-5.169464933458157 -8.560177118596696
-9.26294783581637 3.76799646907277
9.988194674917397 0.4857644860956478
7.172239092101665 6.968427828838344
-6.3329100680751065 -7.739137553350047
4.750009211514606 8.799852981188174
-6.598233459517421 -7.514207557268082
-9.997821997292514 -0.20869909068789305
9.9639783697056 0.8480183064291196
-5.940918667498655 8.043971990637834
9.739676829300093 2.2668690435918215
-3.6941240194591227 9.292655580018835
9.622041632735773 -2.7232911739106243
-3.6543425308752986 9.308371536796107
-2.979426918146204 9.545837587107053
-9.406589292141675 -3.3935347189863267
-5.185836206872244 -8.550269167429343
5.301544744634534 -8.479010751298642
-9.872446094428295 1.592108071899485
-0.46669169647688435 -9.989104006888683
4.71439207247273 8.818985621204192
-9.420625395462142 -3.354372841288478
4.20679634393365 9.07209262081613
9.828120820275846 1.8460880645463351
-7.356055598005873 6.774101124064097
5.961638547390432 -8.028627892128798
-9.985917418460966 -0.5305217353491499
-9.994963301149708 0.31734619687422116
-7.476446491537426 -6.640989975837767
6.865699264288882 -7.270637772048825
4.335273996414613 -9.011403851565596
-2.9650137672544425 -9.550324254180673
-7.736583224452888 6.336030303834899
5.151591990364417 -8.570945103360142
-4.345167230823096 9.006637648766667
-8.770255183634074 4.804437949848001
-9.2161872637859 -3.880965384904971
-9.879439740578617 1.5481183456945093
-1.563148993437373 9.87707270522576
-4.117586835176334 -9.112929202774623
8.30480413804411 5.57047827647909
9.311247450607329 3.647008488276182
-8.37448352175076 5.465164749934351
2.5940769590343544 -9.657679055063234
0.30661414439785906 -9.995298283015629
7.989759314856798 6.013630026087323
-0.6610444314941337 -9.978127091773816
-9.941696627458427 1.078270915670895
5.107628023436407 8.597216757428367
-0.6607193368320616 -9.97814862376464
2.9104989624127455 -9.567078749011861
5.71453769814501 8.206342601700195
8.399308291020358 5.426934699477846
-5.464029097752867 -8.375224535432467
-3.762173618064957 -9.26531433182577
7.483056071403281 6.6335414246264035
-0.9664222029297012 -9.953191856167775
-2.781066733732099 -9.605501955781836
9.977528020537994 0.6700258199347008
9.938888071706105 -1.1038586404509019
-8.44227122245831 -5.359856024787634
4.325794578509196 9.015958144564584
-8.3123445329987 -5.559220121988931
9.393592995554785 3.42934551100703
-1.7044891961064133 -9.853665134372921
-4.225067256448862 9.063597888172428
6.237840866571343 7.815967075374132
3.8844226139026845 9.214730650246997
-9.052582969844744 -4.248616430566183
8.184491520574019 -5.745789636738539
-9.682405626879518 2.5002042469710037
9.992760412388225 0.3804462387863866
5.59858941152235 8.285879349905466
-7.900456441662831 6.13048024329157
9.82210988610735 1.8778065356240081
-7.283759583305854 6.851776874110841
-8.076186635970199 5.897050908799786
3.70187681012788 -9.289569854553946
9.964934517573985 -0.8367078704437624
-7.50379378308681 -6.6100740435268746
-2.0393088302341895 -9.789852884233188
7.261510979019898 -6.875351503855892
-2.1879092807694853 -9.757717611159013
-9.612546062929791 2.7566207914860144
-5.298194974104127 8.481104292271011
-6.467042083270634 7.627408910842962
-9.58853700275318 2.83900654223147
1.1408534196275164 -9.934709531482246
-3.4762002634843725 9.376354927590528
1.5287918669346354 9.882448857828434
-9.22853726763427 -3.8515061858817514
-8.158445140110533 -5.782713281480141
9.951094451474845 0.9877850058725113
7.176779886911522 6.963751176975111
-9.999057371443744 0.13730142962307515
7.315137788403531 6.818266578586577
2.1697249971841934 -9.761777165895257
5.972322099183048 -8.02068380773172
-9.92678931664788 -1.2078302293308925
3.1188523246992554 -9.501197828522361
9.044633845385482 -4.265512701060382
-9.803478363160686 -1.9727675947866503
-2.6967553979319097 9.629512465526233
5.52850706382046 8.332803228523236
7.5652330661465115 6.539667319893532
9.295306319924272 -3.6874490394818893
8.814732187562843 -4.7223401467433055
-9.122100946536829 4.097227638439423
9.711280200061204 -2.385589418969494
9.814968471249191 1.9147829925044588
9.755332593566719 2.198519044469444
-1.300314814296342 -9.915098657286345
-7.344688818453982 6.786423664941429
9.923477120882898 1.2347476792096677
-3.845709599320833 -9.230954321070579
9.521555304858857 3.056138834626816
-8.062472940411906 5.915786514498793
-1.707690690066415 9.853110803551358
0.21551368251969344 -9.997677422914125
-5.353123773672634 8.446541651098446
-1.454817323071992 -9.893609379619232
-9.14304463031846 -4.050275902701541
-9.198109608405387 -3.923618181189461
-5.737990089295851 -8.18996152220159
9.158910412249353 -4.0142695550237235
6.076204691412372 -7.942275275263272
9.119054813428749 -4.104002839872552
-2.2068489023175326 9.753451590198205
-0.7797260024759294 -9.969555023222597
4.9449565481465605 8.691801006520022
-5.424676609676747 8.400766850736067
4.461588609616787 -8.949537813682769
-7.572198412918326 6.5316009672512285
9.463888772750822 -3.2302955432902607
-9.8912176580838 1.4709905643515269
-3.150584965065286 -9.490722542457164
0.49358800309764816 9.987811115714898
1.6802520709784847 9.85782699066952
4.824710587314888 8.759119119446408
-8.998877239593808 -4.361216393017035
9.463373352831855 3.2318051898145055
-9.203821063420236 -3.910201763661564
-8.797344651262188 4.754653203642572
9.925032104629715 -1.2221856332282186
9.996109127616421 -0.278930652284202
1.0453118795771312 -9.945216089880347
-5.040799696465665 -8.636569829516326
-9.690250911725188 2.4696228999199805
0.008574525516781211 -9.999996323874932
3.3006836911273165 9.439570285300395
3.9052036935633194 9.205942869243726
3.8598960948914165 9.225031281065771
6.305135770370445 -7.761782199804056
-3.702286396880408 -9.289406624509141
9.539666873166215 2.999125864150271
5.320868871938609 -8.4668975692183
2.4563237670426696 -9.693630566070759
6.374413302661088 7.7049889712352835
9.446455601610973 3.2809261751512606
8.56413456280646 5.162906079926673
3.7964480051741205 9.251323286103965
-6.044160662461158 -7.966688263410155
3.0016255112895336 9.538880662319654
-9.999077890722594 -0.1357988779872265
6.102472794381527 -7.922109933208028
9.617857880332924 -2.7380302762602677
9.61867254926132 2.7351669766372106
9.752579006977763 -2.210701859739712
2.2101092600457246 -9.752713317772656
-9.762511813491306 2.166417109294207
-4.728186523222349 -8.81159759644178
9.081401216789683 4.186663580906743
-6.1916040929979665 7.852645334890074
2.2150272751200046 -9.751597518892709
-9.800790043909434 -1.9860801885134802
6.850099352924303 7.285337250605907
9.507226917524477 -3.1004251867603627
1.9431899708549991 9.809383912212251
7.3290102634909235 -6.80335274387891
6.3735921040048815 7.705668283268274
-0.5995186613654307 9.982012691570503
9.614126405082287 -2.7511040451243503
7.480117364760517 6.636854993851244
-9.852923403722333 -1.7087716056807403
4.177446363604572 9.085644824623454
-9.018716368604 4.320041095021469
7.2975435690045165 6.837094255491936
-9.201282495130096 -3.9161716567091993
9.41978567196856 -3.3567302385172115
2.9435046949048553 -9.556975468791006
9.79228723058779 -2.027587431818244
-6.681297981549312 -7.440447384515604
-5.644634412492167 -8.254580688884761
-5.258448646854573 -8.505804948880106
-4.591103538653533 -8.883792450151175
8.842021626696294 4.671044160895403
9.804498098970075 -1.9676933265354593
-8.877300106767233 4.603644514337574
-9.65906863140322 2.5888980616938753
0.3013624664287091 9.995458001703973
9.517719091491086 -3.068065073538383
5.313711903623744 8.471391019501302
-2.901490399402972 9.569814703648781
8.385535554822274 -5.448191760466171
-8.940141494881546 4.480387265794906
5.688737296318735 -8.224248778671047
-9.308907483028504 -3.652977069790601
-9.12125201981057 -4.099117172160563
8.310800037869924 -5.5615288123447915
-8.811203979941245 -4.728920006076181
-7.522809875599004 -6.5884240585735
-4.826236431709762 -8.758278478401873
1.8873150575957733 9.820287260226774
-9.997717462189877 0.21364818329109098
-8.929566207991465 4.501427255559833
-7.588448550451523 -6.512714380129854
-9.953674781006836 -0.961435569317322
9.121959791555728 -4.097541892554679
7.631583412043533 -6.462115336716144
2.877838686561632 -9.576953821238213
7.748586259639255 6.321345661876886
-8.4826613975372 -5.295701616852318
-2.7634056054183005 9.610597768086162
-9.434778626691767 3.31435548264217
-0.02544173196401754 -9.999967635861362
-9.948823662654792 1.0103997869160795
-8.954673409936824 4.451272191337037
8.966714269150893 4.426966818873363
2.8638424996403025 -9.5811484769444
-9.538399374294308 -3.00315457085744
-6.910986659516661 -7.227604263653534
7.604697527423654 6.49373355754581
9.81925127422534 -1.8926976551007835
8.802979746857758 -4.744212007953703
-5.469350774930613 8.371750241184092
0.26039174717380636 -9.99660923203482
-1.2259467885233286 -9.924568225958716
-0.33829451439058966 9.994276202984048
5.589898676035824 8.291744858089457
-9.275699848055583 -3.7364946579356513
9.908287908809747 1.3512330354659592
4.176595922051018 9.086035796974762
9.92458218813257 1.225833753411012
-9.985390466337082 -0.5403491785730005
-6.688958306238044 -7.43356151366282
-9.997488076831708 -0.22412530782538498
-1.0763035680238857 9.941909807952346
-1.9331587996122068 -9.811365707967566
-9.868888853749423 1.6140113978347186
-1.6070923386419897 -9.870017944009941
5.657237455226962 8.245948361175758
-1.4683495582087622 9.891610059788453
7.211564634518969 6.927722246319875
-9.978008716204146 0.6628288311126036
-8.664879833480812 4.991979313993352
1.0611596949215065 9.943537604991198
4.450107166593581 8.95525243674529
9.781257856748482 2.080142961384169
9.375670923499824 3.4780446711104744
-8.614160428434168 5.078999912699237
6.306009886991093 -7.761072046126784
-4.860485928304473 8.739317853285474
-9.877095863233349 -1.5630026578668001
-3.6586032659449503 9.306697703397104
-9.526007292819203 3.042233563872991
-9.993955720696244 0.3476335035102599
-2.972913800455154 9.547868009930976
-7.7546267244273315 6.313934143210352
-9.604654037872923 2.7839936804474545
-9.626630113542745 2.707026534231238
-8.160426860048496 5.779916388824241
0.684656619250535 -9.976534734752164
8.93672154101105 -4.4872049316282725
7.308734513522001 6.825130021534558
-2.6430852263767064 9.644381809432328
5.1383416343999135 8.578895339622255
6.180920256099909 7.861057485334517
2.564094035969413 -9.665682685393001
-8.22357300920533 -5.689714137131109
5.828759910367882 8.125611232842006
-8.251351283612754 -5.649354121881736
9.963585525323442 0.8526215336039809
3.0452051417365107 9.525057776451622
2.5890070075358977 -9.659039430239947
7.183254907832958 -6.957071864591721
7.5074488405780935 -6.605922487140053
-4.826085667765605 -8.758361554959205
-2.1999514334105954 9.755009671478273
2.691236514056339 9.631056329676921
-6.011407833083199 -7.991431402717911
6.386652963278752 7.694846582398037
-9.499380890848808 -3.124381969378345
8.889876526536764 -4.579311666935396
7.485562229674015 6.630713242606545
4.402465206540907 8.978769409289711
9.363378166602011 -3.5110040314987923
-9.86102825288102 -1.6613614284322045
-9.842920326098737 1.7654799500624003
-9.888944397610532 -1.4861960506498715
-8.612870067407583 -5.081187774719066
1.411682853459261 9.899856136391534
-9.033297563961767 4.289467929816287
9.75140273107028 -2.215884648729503
8.373585704384702 5.466540263395502
-9.218599218866638 3.875232695195401
8.983288678157207 4.3932362245721
-3.3237406420086724 9.431476456242669
9.491515247744136 3.148196039296245
6.76925582501938 7.360514627078816
2.162702402917087 9.763335409398607
9.834472764847254 1.8119452081885943
7.967649836812881 6.042893022215077
-3.8753369186913593 -9.218555405627704
-4.237037921395976 9.05800803999712
-8.196353504977287 -5.728855838773267
8.831356133559767 4.691177767068339
7.424398527495379 6.699127294276803
8.676080191759162 4.972487557165357
-0.009360459748709407 9.999995619088706
0.338314119563939 9.994275539352698
-5.675750418143872 8.23321669767896
5.70147917578136 8.21542057402611
-4.74696246923826 -8.80149687926113
2.377906989336803 9.713164178065929
-6.685664421258944 -7.436524137412068
-9.930759018326329 -1.1747447892756453
-9.964628088854228 -0.8403493623590862
-9.329928182627565 3.5989498616974194
-1.9199820098241829 9.813952775612458
7.851355225884013 6.193239953125005
-9.802339904668159 -1.9784166379583006
-2.7251843520405794 -9.621505612293388
8.727172310169204 -4.8822600779368495
-6.205280475776032 7.841842526916286
-9.916420669609314 1.2901942114833562
4.676866521647329 8.83894334967107
-8.475552935992768 5.307070983997138
4.417205222124759 8.971527073226373
-7.190109316821597 -6.949987626762746
-5.441299726859025 8.390009373205961
9.616122387498724 2.7441192081696926
9.308294702026767 3.6545382389873007
-4.169224946775217 9.089420407440025
-3.2815635522404123 -9.446234204835665
8.922451766709255 4.515512647612328
9.999064839278192 -0.13675649860459896
-9.04631945025611 4.261936696376188
-9.841699339934024 -1.7722737097700745
9.765010822908254 2.155124968182744
7.46950855908422 -6.64879251336418
-9.995657813060596 0.29466062546709254
0.4134455839442344 -9.991449481887852
9.963202096782867 0.8570904145196535
-6.954633008205557 7.185616168511767
-8.732944466764245 4.871927846388099
-9.261797247567653 3.7708237488575698
-8.326947039458094 5.537323631688875
-9.995049456023876 -0.3146209968149191
2.2403474127406313 9.745811586021267
5.458677256556083 -8.378713660745147
0.2723954540587429 -9.996289347383264
9.802379911477244 -1.9782184083329604
-8.77774329101082 4.790743440961386
6.121694493366416 7.907266059131138
-3.469209043704578 9.378943896360527
-6.951957734200529 -7.188204481084929
-6.572141596261483 -7.53703886408247
-5.132048733926551 -8.582661346727068
7.344490810313963 -6.7866379553659515
-9.952099682217776 -0.9776051939309794
8.079354861879267 -5.892709480012387
2.6074973517485227 -9.654064302697824
7.08515565453447 -7.056951845592985
-0.8325345835330021 9.965284048496638
-9.711005519148044 -2.3867073149165656
0.3389378887799221 -9.99425440478425
-9.3082481830447 -3.6546567229830256
-9.262958234231679 -3.7679709063207403
-7.903580588350011 6.126451981649485
5.3149708807179366 -8.470601191008843
2.0517797978817116 -9.787246786558745
-7.052704608534421 7.0893834502555535
-6.267190868681929 7.79245267008468
-9.813997315871571 1.9197543290915138
9.871124037361485 -1.6002844244147039
9.14726867463468 -4.040727136796928
9.825440620635208 1.860300139862284
-3.2583504371072873 -9.454266361225642
-2.801363793770676 9.599602121700189
-6.853023340802334 -7.282586840568288
9.60434953425698 2.7850439895660086
-2.3801204010816517 9.71262203920007
-5.498358179382716 -8.352727538428102
1.2163495374072997 -9.925749029813772
-4.717902754350386 8.817108006625133
-7.817186097830794 -6.23631313452756
-5.774313562347595 8.164392376881983
-9.809062486634227 1.944811850361152
-6.535400537033869 7.568919329768116
8.353137488598827 5.497735360724895
-6.0225519106134335 -7.983036294792005
-1.4326221302935802 -9.896847671445341
6.225812114864975 7.825551962028015
3.3066201272884803 -9.437492428278325
6.950315078106094 7.18979278665603
-0.2816278320628969 9.996033501554882
-5.692930083045786 8.221347034978653
-9.315014382118163 -3.637376398028087
-3.607126679942447 -9.326769918618524
-3.3290510132298716 9.429603350688362
6.188208484277885 7.855321492791444
-3.338625842542063 -9.426217559737855
9.030099106986762 -4.296197169357675
4.075211852293078 9.131957531599127
9.935101967147386 1.1374308341099855
-9.766771384357918 -2.147132209643203
9.861467429194107 1.6587525864166055
9.97975612765328 -0.6359776981677933
-0.6619752138888286 -9.978065384441857
-9.05010992870934 4.253881789410308
-8.07357568696013 5.9006250200234085
8.71424088532822 4.905303843032971
9.873534351555314 -1.5853452017327951
-9.843294765090414 -1.7633910988614057
8.364769324380035 5.480021364001311
9.813516488500579 -1.9222107402486512
9.997801147264607 0.20969554061667828
-8.742839560130605 4.854148372867819
6.166553506787519 7.8723324274275
-7.9118244345828534 -6.115802001073751
-9.421974683652799 3.350581003438919
5.106994733765697 8.597592964852979
-9.9804345456047 0.6252409782638388
9.319655594662889 -3.6254681900230095
-6.472929363389851 -7.622413361696245
3.432816250709505 -9.3923251960771
-9.819051123495893 1.893735735041726
-4.951766135664474 8.687923350127262
-5.119040232715129 8.59042647927586
9.977290583088344 -0.6735522404510591
-0.03483520788974267 -9.999939325230493
9.749334006942082 2.22496885845233
1.590072392401897 -9.872774168739063
-9.948850638811338 1.0101341329859217
9.073840531567203 4.203024864034022
9.929514502868134 -1.1852180125746434
9.066354294558064 -4.219149180290802
7.470919072898372 -6.647207549505532
5.612898821152058 8.276192773462315
9.910130304625957 -1.337653671670748
9.826182669723519 1.856376616213742
8.811775692439397 4.727854602896983
7.457460426133181 6.662303204797685
-9.235096125965994 -3.835752800190323
8.033604778615434 5.954930248206713
7.2392629361975285 6.898773234466889
0.9105159672122082 -9.95846176241349
-7.7886638950609495 6.271898813738467
-7.0651675359595245 7.076963168536603
-1.255523718528008 9.920869931221436
3.4098434616615774 9.400689738894897
1.2278846624389286 -9.924328655165912
-1.9568452746319545 -9.806668984479419
-2.459850665659751 -9.692736182454016
2.978097948706238 -9.5462522807598
4.739129256446551 -8.805717113937533
4.39635734479718 -8.98176163660826
-5.587771458483768 -8.29317852983729
1.581320587660192 -9.874179722844932
4.105061367080083 -9.11857835260007
3.640525639787253 -9.31378403582838
5.48517858255239 8.361388396522946
8.105164060335927 5.857159341783252
-6.134839621278651 7.897071787769794
9.97797795662714 -0.663291713398342
7.162318607791752 -6.978623944624042
7.537750040333183 6.571325918675553
6.273562315343155 7.78732405101433
9.323777345187256 -3.614854909588056
-9.983799459721286 0.5689888822015245
9.388679708445702 3.4427740751057048
-2.50211529603736 9.68191195195122
-9.615948179499997 2.7447296058392903
1.4289563716055218 9.897377616724945
-6.545529105710144 -7.560161951063043
-9.947537428019295 -1.0229853948885421
8.007147817243421 -5.990457731493805
-6.505942246174181 -7.594255426929361
9.918987660577578 -1.2703085409890629
-7.805160761510582 6.251357091622232
-1.8501969699882104 9.827348125117297
-4.445475020806014 8.957552781836664
-6.404550634593409 7.679956456187051
-0.11414130033737574 -9.999348566959615
1.2749434197312377 -9.918392978526512
9.979245627583849 -0.6439384321102697
-3.091217761259265 9.510224642587326
9.929333951603223 1.1867296564675212
7.964673547138138 6.046815301257182
2.9709292085752272 -9.548485724848447
2.80738541462578 9.597842837520648
7.838922551467327 -6.2089687736448615
-9.487984000375024 3.1588225035015114
8.509358593041952 -5.252696101529489
-9.945055579672891 -1.0468378657734396
-0.14055305527539058 9.99901219314452
1.8146641282545808 9.833971430791633
-3.8430321250020976 9.232069328498453
9.294887441936382 3.688504770463684
-9.892274201211077 -1.4638685487617173
4.302421270714864 -9.027135271463495
6.471117693268759 7.623951455765178
-0.024034087897697485 9.999971118089238
-9.304928159514196 3.6631014108648112
-4.28074198293989 -9.037435923728358
7.438065695887234 6.683949334313176
3.733363355148672 9.276960604553253
-8.001592563598305 5.997875994564103
-9.99532856188498 0.30562548971954606
3.623918430435297 -9.32025832311269
-8.703581775625649 4.92419173824467
-9.206270019270262 -3.904432395660799
7.320641629047131 -6.812356871088166
9.82431620946508 1.8662290900212937
-9.878735157532855 -1.5526080275859488
-2.3744694407907945 9.71400508928993
9.853683164669242 -1.7043849595422842
9.909595723327794 1.3416082141234378
-9.750328600703716 2.2206062636809625
4.518928121460321 8.920722427756347
3.291589236677888 -9.442745379230889
7.851892259418581 -6.192559078965866
-5.957830181596942 8.031454384310013
-4.530811084444674 -8.91469297940615
-3.9277890543366833 -9.196329329935555
-5.552317546911904 8.31695676664573
3.14853503402317 -9.491402801458207
4.24987452986757 9.051992403906606
3.9780923835842117 9.17468151968608
9.16055626227498 -4.010512307136665
-3.8231287350265672 -9.240329359682702
4.328377461695644 -9.014718439811926
7.428352797588974 -6.694742318756716
8.74349157790387 4.852973833344263
-1.7486900840557578 9.845917072062157
-0.5189148822750551 9.98652729155403
-5.167030822063871 -8.561646598864144
9.857309535188758 -1.6832850998796391
-8.171794938171983 5.7638327082304155
-1.7557837883503673 9.844654554049422
-0.6422896349170293 -9.979351884009208
9.998077196012604 0.19609279072101993
4.718512463309034 -8.816781733353578
5.144058258412275 8.575468770513975
-0.9726359103739932 9.952586567614016
-5.156200544891031 -8.56817343083492
8.775821228764304 -4.794263422129594
-1.0445209488956118 9.94529919043757
-8.664637979166924 4.992399091616985
0.7018812220884324 9.975337726116326
2.8898763516690407 9.5733282964737
4.388094855345927 8.985801218616324
9.996173082869028 0.2766291693309282
9.989075662474757 -0.4672979877492479
-8.257088678634723 5.640965037399388
-9.955029381141232 0.9473067193970548
5.258669380314869 8.505668483343259
-8.47735783990766 5.304187407525882
-5.4242165919682535 8.401063882831526
8.991961040648466 -4.375458449518196
-9.295230403194518 3.6876404043138855
5.89540660564555 8.077387012772807
-5.567038534363158 8.30711032531263
4.975430815231259 -8.674392670547444
-6.344146138997626 7.729929480082047
-3.696627888207491 9.291659822449734
5.782891128384139 -8.15831907915203
-3.525738284808217 9.357840004351305
-8.055785214660226 -5.924890258499453
5.985683645689724 -8.010717277105876
5.311280706244185 8.472915511173133
6.898287159121558 -7.239726118459082
-2.2120823049054064 9.752265986750176
0.7658601621586726 -9.970629780110094
-2.290392207761822 9.734171949098902
-9.343371725747334 3.5639030282129287
-7.745079135865172 6.325642195001707
-9.17117482203314 -3.986170139834146
-8.794112362901796 -4.760628923646307
-9.9999572983448 -0.02922381358703589
0.6947131964067004 9.975839492230135
5.410566182327185 8.409861686535482
-3.096715197838942 9.508435990396807
9.723010707533282 -2.3373195719013546
7.656455863985633 -6.432626493341582
9.45335332321031 -3.26099845853208
-3.0689456939863398 -9.517435175894958
0.7722576365069145 -9.970136315159223
9.585405864368312 2.8495603898379778
5.027327308036325 8.644419016791831
-6.291070425747208 -7.773186791676169
9.993962372596737 -0.3474422183912347
-8.853455178417837 -4.649336662766677
-9.984699021411295 -0.5529787082956737
-5.734053202376247 8.192718344500726
9.716796003887476 -2.3630225176321087
9.834401650244832 1.8123311456965407
-7.706264486812268 -6.372871225695374
-9.73228769860983 -2.2983855532716313
-5.9540053649657 8.03429026821658
-9.503203135126109 3.1127367656982043
-9.778078314724253 2.095038059587301
-3.483668430700665 9.373582787010502
9.583641560524622 -2.855488476493155
-3.266497123054294 9.451454731684326
-1.5043121508818802 -9.886204780031068
-9.773882446543071 2.1145264058784456
-9.963525011424005 0.8533283932509603
8.007507553824025 5.989976859341876
-5.82952474405659 8.125062538739744
2.4680496088882196 9.690651739076516
2.231041134334217 -9.74794621737875
-9.159417060193903 4.0131133945390705
8.960635864442114 4.439257246981046
-1.2035932797278446 -9.927303924882827
-8.005568866004188 5.992567657662651
6.987525787461609 -7.153634277034229
9.85000876383215 -1.7254933649335875
1.1120962994447643 9.937969703151708
9.3353712230445 3.584807404582935
0.9534002766729743 -9.954447644768639
4.565731605921995 8.896858709830395
2.593976684897546 9.657705988391236
-5.5178656296867965 8.33985364935867
-9.884019246286933 1.5186057878954264
4.934923118390691 -8.697501584683563
-7.757468890952247 -6.310441855045345
5.052514449305723 -8.629721764898154
-9.739110637263785 -2.2693003316298603
-8.57336876064057 5.14755748817557
4.649213927508722 8.85351963098625
3.40074036764587 9.403986652046239
1.274557103290096 9.918442629286755
8.708361120889947 4.915734592934445
1.372188047937129 -9.905407612062135
-6.5958476706902545 7.516301850315084
-4.580742889217155 8.889139136209224
9.421767290473442 3.3511641446167237
-8.147262597591578 -5.798457740286233
-9.071905398415858 -4.20720007156698
-4.742608845815482 -8.803843554697728
-9.197182000708914 -3.9257920533105133
8.287188766208576 -5.596650994409637
-1.7940354068388695 9.837755687096955
-1.4957204952307595 9.887508290775116
9.193359899783468 3.9347342671460446
5.863322352590314 -8.10070682037159
-2.1020724898353387 9.776568480171223
7.830839042649478 -6.219160706085396
9.813341408885773 1.9231043634311207
5.163932346649245 8.563515791964749
8.550136238970818 -5.186055369453545
0.06616188017679528 -9.999781127885324
9.352262059911174 -3.5405076419555965
9.909317550199894 -1.343661300067975
2.1932811251960236 9.756511564378883
-4.760461280041783 8.79420311348464
-9.88157469420159 -1.5344320000947502
-8.012470340982544 -5.983336781000639
5.6691851960792485 -8.237738719609641
-8.235587944058743 5.672309160798123
-2.071409882607221 -9.783111013283921
3.7661619850575425 -9.263693858408072
-1.7573228807550478 9.844379934397837
9.986090084804049 0.5272616221367442
3.2244422590587836 -9.46588464529311
1.7444957673234354 -9.84666108474292
5.622366305954129 -8.269764030591908
-9.943115841759255 1.0651043880090523
2.6435823077119682 -9.644245568335155
-0.6055060062671304 -9.9816512900609
-8.8039391473766 4.742431390045596
7.520461565048617 6.591104448317179
5.858781731630369 -8.103991400607127
8.643503596365761 -5.028901031001919
7.188802835454422 6.951338992810124
4.392161881883508 8.983814000931314
7.227516266879955 6.911078686571702
-6.123083281126281 7.9061906840394265
-8.20175492106764 5.721120188804179
7.270893467430097 6.865428477908887
-9.88160094347366 1.534262948109109
6.954355006104879 -7.185885223760815
1.4046982231087135 -9.900849605058912
9.96356561994441 -0.8528541124141846
1.324495540691564 9.911897475392294
2.0052090027169847 9.796894245393423
7.297315913801992 6.837337234199597
-3.2887452751904704 -9.443736258224938
7.2113158270324735 -6.927981238628678
-4.404608021158199 -8.977718428417592
-8.842511855465533 -4.670116067717322
0.4362251255360894 9.990480851282936
-9.658083003611912 2.5925726017496054
2.1494444841402585 -9.766262765746118
-4.107858521376426 9.117318595308332
-4.3147251911223865 9.021260805735187
-6.389027823967471 7.69287485044242
3.372456660459786 -9.414166775308393
0.8221266398394267 9.966148091818942
-9.443297738339393 -3.2900042287319464
4.337994045860677 9.010094764100836
8.046187531303563 -5.937917666244208
-6.924789018651691 -7.214381265719254
3.127147479906865 9.498470857928247
-2.286548088291169 -9.73507564633845
9.2188981291397 3.8745215555658667
5.409398960275142 8.410612515659855
1.451957339768726 9.89402950690424
5.042577705672915 8.635531835518325
9.19371566016194 -3.9339029423834404
-2.945462047981036 9.556372393534241
-7.751079661734338 6.318288065405716
-7.738929189678389 6.333164690511671
0.6120755722347458 9.981250597689325
-7.8547172057915216 -6.188975490098716
-6.267058515366517 7.792559115269645
-9.99575398382716 0.29137998353258115
-4.024640266475459 -9.154358018204464
9.940484270746385 1.0893908678907236
3.497916079367211 -9.368275353644572
1.4550491989649657 9.893575280382285
-9.329410273005738 3.6002922045210446
-6.998087254333257 -7.143302792178029
7.179927070549726 -6.960506250380587
-6.28587885748847 7.777385614008056
6.835239451250393 -7.299280899107132
2.3359313727087314 9.723344312632104
-8.086211493597785 -5.883297007699602
2.660618165565134 -9.639559687924798
-7.547477284266427 6.560151419249579
-3.790991757999362 9.253560476421004
5.227548525454693 -8.52483057978377
-6.851259201194462 -7.2842465195823936
-5.224589191879428 8.526644578971066
6.055621899660507 -7.957979857247194
2.3159917071868104 9.728112993394038
1.0834603066603599 9.941132418587504
6.2788394810214925 7.78306975245409
-4.503874701868079 8.928332020588881
-3.9534729720870447 9.185317167032244
-2.841177800282127 9.587893861906483
-2.976977377540529 -9.546601787736403
-9.808677801473339 -1.9467510849834264
5.581825519464116 -8.297181682370173
3.516485695388167 9.361320865889088
2.0321248448500557 9.791346619078661
-8.246631611133768 5.656241426092885
-7.133584269271741 -7.007993683872636
9.45617888618138 3.2527958547282787
8.949480856220429 -4.461702859239292
9.746029860417497 2.2393976779148654
6.320353809998461 7.749395312954292
-8.13916952458931 -5.809812342063779
-6.336600927321323 -7.736115865721671
2.79116394991681 -9.602572770080151
-2.6254323213002895 -9.649202305179003
-9.936860335669566 1.1219655384177023
7.528611139574791 6.581794155780807
-9.745706648644951 2.240803855440632
-9.042164742100743 4.270744288377635
-9.919131407178353 1.269185615711108
-0.6258615066254549 9.9803956522036
-8.870939152116916 -4.615889790651333
3.98590932142433 -9.171288180042247
-5.242719325359935 -8.515509032083607
-6.709156277184527 7.415336947726344
-2.6791004658577227 -9.634439303552695
-6.954088312971293 7.186143314420891
-8.457357088384507 5.336020153593157
-9.963833376726846 0.8497202132608552
6.721471086535274 -7.404176283211409
9.878546679520426 -1.5538067770916624
-0.6574403785378782 -9.978365204213963
-3.4585489927922626 9.382880094323685
-1.128228244843848 9.936151218028868
-0.39795251627459904 9.992078552272831
-3.3593376515653066 -9.418856116470604
9.133805348904506 -4.071068637142272
-1.7827513251607072 -9.839806792444541
-9.430888745950213 3.325407863933326
7.609141424213712 -6.4885257791207795
-4.145094229218996 9.100450199352522
1.641070347629253 -9.864425381852305
-0.28930954050256036 -9.995814123410568
0.027812106919499667 -9.999961324260644
3.9351549383446027 9.193179842210316
-9.454813756904782 -3.256761707930761
-1.5877300624596125 9.8731511306554
9.495719054520823 -3.1354935237710437
-9.885770435818193 1.507163856487732
-6.931585601079578 7.207851348002833
-4.589688072226558 -8.884523813894656
-6.315167912475549 7.753622007632254
3.8864333513697313 -9.213882775755346
-9.889619105424151 1.481699682671767
-5.794836388673472 -8.149838724079501
-9.940858708552248 1.085968754891656
4.477578538962478 8.941548547506894
-4.618361515390122 -8.869652581311371
3.7428463200943796 9.273138704028748
6.382749886119702 7.698084429988992
-2.952346667175872 9.554247702295326
-9.363979018233373 3.509401223297952
9.623115816511927 2.7194929641383494
9.982891979727862 0.5846945536646587
0.9826698853782811 -9.9516008710343
8.861263414186997 4.634437474428911
9.438379983427694 -3.304085847618282
4.874084864960724 8.73174076167867
-8.895850328578636 -4.567696020044172
-9.749203306778721 2.2255414808748952
-7.045816087495186 7.096229679287025
9.922684892585842 1.2410981115321642
-6.086575204476947 7.934330613243086
-6.3543535322209275 7.721540726276811
8.344315357703177 -5.511116149311217
1.8513149096850023 9.827137584524703
-0.7707858254639353 -9.970250208057163
4.520219134522416 -8.920068327983673
-2.08674004108408 -9.779852555173642
-3.1860388679018015 -9.47887948716614
-9.904252032507355 1.380504138557339
-0.15708780507622028 9.998766094948733
-3.916571306203002 -9.201112389457446
-2.2032948671201877 -9.75425505759009
-7.442276305426376 6.679260692149178
-7.560233861862277 -6.545446046981902
4.553774177569312 8.902984934262381
-9.17782077507738 3.970844471967899
6.4844913966285755 -7.6125798075980775
-6.982717162642205 -7.15832808877478
9.82492080403184 1.8630435299536972
1.0900570484120473 -9.940411240547707
-7.4272524952256935 6.695962990650688
-9.283358189028194 -3.7174266279515416
9.15883236357801 4.014447625250083
-9.763825621417304 2.160488193569918
5.756199590699348 8.177173489172935
0.9832359840560849 9.951544955415578
1.1917615528589547 9.928731258379754
0.46018455905197553 -9.989405896829407
-9.27983899139104 3.726202932457988
6.659496649035406 7.459966781526993
9.601777554844297 -2.7938983136986693
-1.6127765624791603 -9.869090726075928
-8.208280910967176 -5.711753188527307
1.8682113789129604 -9.823939446255771
1.678993717766934 9.8580413924724
9.993756524818926 -0.3533136321162377
-7.591274521172659 6.5094201849469515
-8.271404799690739 -5.6199521919366004
-1.9358039936589968 9.810844148091126
-8.775298128764618 4.795220824039307
5.906493985601394 -8.069283041141547
-6.025743513165997 7.980627488709011
-5.796158602059317 -8.148898420018117
-2.5400058585065266 9.6720406450114
0.88391183003094 9.960858390557078
8.024347662165171 -5.967398478122972
-5.148427905382464 8.572846091181104
9.92785842038709 -1.1990109193619412
9.567675777349873 2.908535751802357
3.0305106859810187 9.529743175036506
6.234917057061375 -7.8182996419659645
-8.91595346451914 4.528330135770707
1.71555379707329 9.851744777923727
-9.95268875893635 -0.9715896601662711
-9.54185617837804 2.9921531831022348
0.11069098077856426 9.999387356572116
9.51957427393017 -3.0623039762778093
-1.456868654729677 9.893307521899143
9.104108079977951 4.137054032530903
-5.819804293195549 -8.132027913681965
-0.27395663141968557 -9.996246683835947
-8.07517124211473 -5.89844126956633
8.890334121376327 4.578423223151375
2.9533408684037403 -9.553940428693085
8.558854804661397 5.171653935901405
-9.851984350295405 -1.714177459172304
-7.237634356560868 -6.9004817890296435
-9.128996363440237 -4.081840932262665
-0.9951662831079044 -9.95035899196432
8.571732877085145 -5.150281107269547
-9.996971131229973 -0.24610607744323165
-9.050399580894004 -4.253265501488669
8.257178243736211 -5.640833932245249
0.3087463277842823 -9.995232648872147
-9.640581093299911 2.6569147866479037
-9.338353539787574 -3.577031334212335
1.7028144533707046 9.853954685170407
9.82995655542224 -1.8362881360264005
-1.6545107405766228 9.862179992745853
-0.9209222587970572 -9.9575048176364
-9.98240388940532 0.5929692983498646
-9.190853478353322 -3.940585278793071
-9.692012610092542 2.4627000559969057
-9.686720428602833 -2.4834345850230384
-0.3890150319033434 9.992430500381438
-3.5213816550576347 -9.359480286822743
9.788108125625381 -2.04766679932707
-7.885104790715549 -6.150213202762542
0.7896389816010507 -9.968774763166037
8.372674757622457 -5.467935387609453
-8.685352467702378 4.956274055354103
-4.784642186130036 8.7810705014084
-4.716524428282797 -8.817845389742985
-3.661231920891439 9.30566391083654
-7.263274628944382 6.873488318498319
-1.0554105642496998 9.944149462918894
-9.123646265258479 4.093785390861985
-9.005897363487515 4.346701356008787
-1.8119886613910283 -9.834464758744645
5.820581413264715 -8.131471700224832
-6.309499297551109 -7.758235534849536
-7.940650704785614 -6.078327597669259
-9.84327656628215 1.76349268206044
6.727707402018344 7.3985101954939285
9.174529783676165 -3.9784423143284324
9.908926280669196 -1.3465437104911793
-9.721351388192863 -2.3442114211991787
4.67928940394109 -8.83766092776616
-8.959073344822682 -4.442409796730567
-3.813969816319727 9.244113491309054
6.051391228380498 -7.96119741000558
-8.569928722188516 -5.1532826136947225
-7.091303159410048 7.050774390188717
-2.4083054408583413 -9.705671790429147
9.264430777785307 3.76434886316669
8.536862393680906 5.207876771905871
3.2298298075727407 9.464047728858652
6.385430906461897 -7.695860714618034
-6.805107876449947 -7.327380622697232
-1.0890939670229907 9.940516804019504
-7.935207330083936 6.0854321644877585
4.686649282950405 8.833760156276627
-1.7610341841397106 9.843716706726752
0.6281090116910271 -9.980254459152459
8.13290812010218 -5.818574181874459
-8.020875199321003 -5.972065056319905
8.138654102016325 -5.810534347866197
-3.806664398544251 9.24712421009125
9.834724601259964 1.8105778131226613
4.5834930123332125 -8.88772140685635
7.609524086928853 -6.488077000964894
-0.8214161541051901 9.966206675650222
-0.41748960460378104 -9.99128132073398
7.335620220146345 -6.7962251276557994
9.68114267478857 -2.505090120212773
-9.3107662492531 3.648236814102035
8.382860772827392 -5.452306416865412
1.7234363003528812 9.850368892514938
-9.715886864885318 -2.366757788357092
2.35294056534808 9.719242290216838
6.319627858871307 -7.749987337110794
9.675094502418435 2.5283485458442185
-7.5423860733813575 6.566004288763673
9.975657054365938 0.6973279957660661
-1.4917581350037254 9.888106879815277
-5.81789686291398 8.133392655743092
-9.999273357869557 0.12055005018693696
9.477370799059758 -3.1905238969688687
6.475657585987672 7.620095723089069
-2.0950835385699 9.778068570347287
5.326753433126275 8.463196669266138
-5.260883235864102 -8.50429935847769
-6.682954756891826 -7.438959316822274
-7.489697942977501 6.626041406674017
-8.877409259827472 -4.603434026194953
-9.783000672845569 -2.071930943613503
-9.939273964093536 1.1003786015242059
-0.9500152442169345 -9.954771269886388
9.423256385835309 3.3469746169957837
-3.731644988667396 9.27765194855646
-6.304928082459014 7.761950906506669
-5.278370946821493 -8.493456313406856
9.591596978419728 2.8286511632878177
5.8100613063968 -8.138991805863347
-2.054313486621359 9.786715286483284
7.313247576253329 6.8202939737539765
-2.830262898377595 9.591121515551102
-6.612229837897886 7.501894198854906
-9.556310600760634 -2.945662523404524
9.979254031386368 -0.6438081834358214
9.463778579522101 -3.2306183615182156
-9.965377394033904 -0.8314164988007002
-8.914587602179061 -4.531018415662794
0.6916995102686517 9.976048906631027
-3.833825831405017 -9.235896247492803
-3.8564215683095187 9.2264843080925
-9.70149000471472 -2.4250962225075496
8.540966300563625 -5.201143590849659
7.61100235583993 6.486342816980848
0.8582142662152867 -9.963105352914049
6.18111639114862 -7.860903266105865
7.595083381333433 -6.504975667179141
9.327273889974364 -3.605823315333476
4.2251772991679 -9.063546590082508
-7.474794196317597 6.6428496688316505
9.988638853684277 0.47654365032897783
9.74269559903546 2.2538594598011343
3.8827835157931574 9.215421432006512
-9.992863935703465 -0.37771730502724976
-6.948060657136156 -7.191971433811225
-7.655736622065071 6.433482476355376
-2.038970740006683 9.789923305184603
0.7678010545159851 -9.97048050701089
9.939091817150391 -1.1020226178505328
-8.703134633670523 -4.9249819845563545
7.574088645611314 -6.529408946330577
6.412741431837553 7.673118487837526
-2.9590331329210806 9.552178961801086
-8.335787250634185 -5.524006780604508
7.416547932855612 -6.7078175854487245
-9.828857511965408 -1.8421617761426816
-0.9855123823249115 9.951319779018474
9.307844753122046 3.6556840743940655
-4.012541756911015 -9.159667496642301
9.84200688316313 -1.7705650261341879
1.0754902126293062 9.941997827526345
3.423194941656351 9.395836119868118
9.219555587812692 3.8729568501639378
2.307792852615314 -9.7300612613394
9.696343829012772 -2.4455912065522987
8.660539784892745 -4.999505038930348
-6.748999218299643 7.379092732266672
9.821913054682208 1.8788357954497348
-8.372734175358284 5.467844404222512
9.298571251497862 3.679208159484525
-0.2291031642683526 -9.997375242538526
9.000588065675144 -4.3576845310355115
-0.15260927020715537 9.998835452723824
7.990892595205175 -6.012124044952425
6.783759590613185 7.347149502818329
-9.996847442697307 -0.2510800817196239
4.658873125988339 8.848440608149192
1.579338855238515 9.874496887453756
-1.965180207285972 9.805002129163025
9.572979246858752 2.8910324002355328
-1.8010671795095603 -9.836470760130052
9.989342045587641 0.46156851740011323
-0.3108977854842918 9.995165959951889
-5.26642441139849 8.500869009638137
9.783083440203571 2.071540103887599
-6.31725761140909 -7.751919521711633
2.736261290222119 9.618361302822429
-6.755003872521842 -7.373596319450565
-4.0217384158011775 -9.155633244886399
2.29778203350054 9.73243020660935
-6.063148372607916 7.952246966219168
9.524389805946639 3.0472936885669135
8.968882379879112 -4.4225726512849945
9.224236577333539 3.8617948631927703
9.94560520668259 -1.041603126343302
-1.2562368245528386 9.920779658909748
9.27875553083261 -3.7289000789835134
9.799906959729656 -1.9904330133521846
3.868226580720367 -9.221541255137799
-5.687765424682299 8.224920940275876
4.490318193603836 8.9351576662189
-0.31601129695673935 9.995005595806123
9.288858813819779 3.703660613085737
-4.113286390238268 -9.11487109463873
-1.4303823238768492 -9.89717163676273
-6.195912477023717 -7.849246370006602
-9.796792916551194 -2.0057040036387095
-9.999896526882381 0.045491226029831855
-9.952499587396964 0.9735255327228242
9.449998819865888 -3.27070669802924
-4.161735088241378 9.092852195834952
8.368579646634807 5.474200827329014
-5.448220205330046 8.385517073754809
8.065450861134295 -5.9117258399411625
9.136508289177382 -4.064998927649674
3.3578644726662525 -9.419381411919032
-7.713058369786005 6.3646469331985775
-0.5040283707359781 -9.987289692478798
5.75951615757419 8.174837835128098
3.6194409079557124 9.321998043006484
-6.910384736216445 -7.228179770693779
2.6425774677420306 -9.644520948548047
7.964940201735433 -6.0464640561884355
-7.246495434048271 -6.891175801292372
-2.480082958750355 -9.687579084462541
-4.8362229082765005 -8.752768018259228
-7.192526538003728 6.947486020145137
8.809951673631923 4.731252636276155
4.133213180921407 -9.10585244779738
-9.799665493380388 1.99162150466642
-1.8784715315148428 9.821982727804416
3.2510967693602137 -9.456763177549472
5.361267968346693 8.441374637556358
-9.230099480336929 -3.8477608531565433
0.8382736437996973 -9.964802923194757
7.302123505344697 6.832202595992927
7.574510585234861 -6.528919466049881
-2.6644102143747523 -9.638512240461983
-7.456759931526035 6.663087221670435
-9.87829040625085 1.555435196262581
-7.051261159901196 -7.090819138496544
1.1339670866713212 -9.935497906312806
9.373612852824243 -3.4835875308894066
-5.087978145686055 8.608860458215194
9.700952745494714 -2.4272444931812274
9.994140591058727 -0.34227744032041973
-4.6152247524043215 -8.871285165340728
-3.203013023312513 9.473157212486786
6.01276512715422 -7.9904102226154885
-9.827447579615388 1.8496686378677871
1.7704803708693744 9.842022112166088
9.535750481463438 -3.0115548733618995
5.755917046377343 -8.17737237474378
8.123376145751479 -5.83187448378614
-4.33210461871922 9.012927913418125
-1.2496115026781938 -9.921616354827188
-9.389736374561464 3.4398911052876864
-1.898533200694812 9.81812465218585
-9.928508843753711 -1.1936130610479914
-6.126262321373124 7.90372759966612
9.991020184679817 -0.42369289505545776
-0.4662066537812967 9.989126656318362
3.7969228099059538 -9.251128427149624
7.884846431347001 6.150544427453106
9.30588143914984 -3.660678986265596
7.320000676475655 -6.813045581558658
-3.9261205411805573 -9.197041779622406
-5.673086281794077 8.235052643384854
9.470214603419395 3.2117028762296846
9.93899166510029 1.1029255102077327
-2.4472542599224685 -9.695924225533703
-8.105118073059895 -5.857222978661291
-9.424314125149474 -3.343995106232681
1.4948974441884118 -9.887632761756423
3.7723144968573448 -9.261190168482663
9.966944339508402 0.8124164776402858
-6.915780233417835 7.2230176355223685
-9.817525366456962 -1.901629742871643
7.118809344802083 -7.023001745148476
9.383885941692878 -3.4558189526216165
3.311489625248859 -9.435784888490685
8.026699018660391 -5.964235312580843
-6.583191810945101 -7.527389028096354
-5.349025017567223 -8.449137906404413
6.1309620203562645 7.90008257583103
9.896621083194823 -1.4341865763085806
4.248180118764261 -9.052787729673996
-3.9615184036661573 -9.181850136950306
4.725964436304636 -8.812789578038489
9.913892522126746 1.3094789267946934
-5.9239422199474046 -8.056482394613955
9.99229108482788 -0.3925797703261057
3.203044768891889 9.473146478782766
-8.238019328223348 5.6687774297301985
1.1951833487810484 9.928319936565124
-9.952494771974688 -0.9735747602606115
-2.2602672294306863 9.741211015657228
-5.618689019371862 -8.272262913108484
-9.995538573871375 -0.2986781181295644
6.0040736803823345 -7.996943118500976
3.5465779650570783 9.349961750604738
-5.932023485008504 8.050533980631817
6.021031787364969 -7.984182877135306
-8.485898339768859 -5.290513147805999
4.121267430504189 9.11126526703429
8.342534718480008 -5.513811247309403
9.82073410129175 1.8849885176640544
-2.705188976293347 9.627146649061753
-1.3323859852979467 9.910839903165705
4.779734191827894 -8.783742998031723
7.874573414811243 6.16369155090908
9.187462521821779 -3.9484848246030015
9.098864976402565 4.148572783644362
8.876301926152104 4.6055688156609325
-7.517411519435492 -6.59458293203282
-9.843396872043211 1.7628210401086963
9.904264639882138 1.3804136855234208
-1.9810739942051778 9.801803192754072
-8.429697984032119 -5.3796088982383115
9.714899471277935 2.370807512845294
-4.297560090837138 9.029450551702684
-9.850773685695488 1.7211210861555664
2.5985152479456586 -9.656485825920003
6.0736930648531455 7.944196155304501
-9.841690291652899 -1.7723239554847372
-8.803930534695315 -4.742447378754927
-9.230811714407853 -3.846051883835
-9.069772363700357 4.211796442215273
-1.0969949444527851 9.939647986314457
-5.203607917468485 -8.539465126180874
-4.561534034193069 -8.899011588648388
8.926087292843905 -4.508321820869777
2.2975933988462147 9.732474740454162
-7.951544227660007 6.064069953056844
-1.642287342388228 9.864222842425622
-0.20580855770537 9.9978819175651
9.667327643201194 2.5578851105939124
-9.249138285188739 -3.801768138834338
-3.2532774464183496 9.456013211529777
4.241555634286206 -9.055893429212546
-9.67318610270746 -2.535640081397056
9.994944553922195 -0.31793610053126264
-3.9303356789546298 9.195241239398577
-9.989240760050535 -0.463755364114529
-5.8993313799598806 -8.07452099318719
8.972701541563769 4.414819027550187
-8.909783532208369 4.5404578413623184
1.7584595610672706 9.844176957577059
-4.296645691966766 9.02988570236099
-6.545967011297623 -7.559782793639197
-6.7097553933805685 7.414794842812603
8.187578186944622 5.741390374523284
9.002243542522748 4.354263565875114
-2.8283836847174317 -9.591675856284148
-8.93661587998935 4.487415360039917
-1.8706992863059622 -9.823465996287378
6.483300330007049 -7.613594212389473
4.717561433899377 -8.817290633600848
9.870821781973081 1.6021477299318443
-9.668227130704075 -2.5544831471586633
7.880637294212882 -6.155936633613203
-7.910474031020939 -6.117548578028892
7.798429058574461 6.259752728213907
-9.987450045337512 0.5008408848004607
4.804265024405179 -8.770349911792408
-4.844798351660229 -8.748024287331988
-5.726398193171292 -8.19807073238848
9.524816783467983 3.0459588377662987
6.85183355757046 7.283706261193633
9.989357806865305 -0.4612272828217895
5.744134788214728 8.185653030444263
-9.87636874422952 1.5675906442710774
-0.012455954812144319 9.999992242456477
6.821181520285391 7.312419754589932
-2.5029366708489604 -9.681699645295733
0.26348984100004813 -9.996528052463503
-7.87116302953156 6.168046089527506
9.894532413311758 -1.448526258623914
-2.1151309612656797 9.773751634694598
5.085031519339162 -8.610601282566
9.000689776888812 -4.357474445158484
4.241919079027648 -9.05572319182633
-9.659041768604231 -2.5889982835758785
6.456747688567956 7.6361252796279055
-9.877724125697874 -1.5590272918092776
1.0419646606578878 -9.945567336554516
-9.216451183686239 3.880338590732583
-0.09917528480927376 9.99950820105084
-6.627371195453567 7.488521285118468
-9.768785313614472 -2.1379507703663765
-3.5645554265637687 -9.34312285111112
9.964631342612824 0.8403107793061687
9.5310051732445 3.0265393418203845
-5.19942020715452 8.542015541394973
9.899375510297276 1.4150492945924473
3.5866870898703613 -9.334649201729933
7.781732587604072 6.280496631240306
-9.633311712785897 2.683152147065471
-9.132572927849385 -4.073832558845849
5.74015746195967 -8.188442606009321
-9.016204814005842 -4.3252804246543235
8.642150405990254 -5.031226128911571
4.669760380897673 8.842699700034963
8.338937579993193 -5.519249952391837
-8.999012891504638 4.360936479534335
9.814110440760548 1.9191759316317991
-0.9661675484272241 -9.953216578994256
8.408209996042471 5.413132610831871
6.149928443560824 -7.885326888536806
-8.956898244791814 -4.4467936575070945
-9.272580089729196 3.744230024926043
8.083753809239177 5.88667345379469
-6.259495340726118 -7.798635654999407
4.405463934925401 -8.977298453213617
-4.1825988437081145 -9.0832740194608
-8.940990878983664 4.478692007933894
1.780997718813693 9.840124345026359
-8.90343495006815 4.552894254197539
-9.326846616020454 -3.6069283609780496
-9.879841487371186 -1.5455523881186042
0.43653273431747025 9.990467415084707
0.7099892053539683 -9.974763923436026
9.298408669097087 3.679619032245066
-5.998100964574011 -8.001423924450966
-4.4257845810734135 -8.967297856206898
-9.595268734182001 2.8161707900674866
-2.5919103919602735 9.658260739908005
-2.727811672683695 9.620761065444386
9.87669029019494 -1.5655634485925527
-8.633823797077582 -5.0455016243201065
1.2004320940759137 9.92768667855269
-2.409937752563238 9.705266612966923
9.601718170564562 -2.7941023912967724
5.490064710452316 8.358180990804525
8.707346870206441 4.9175309334976305
-8.148796835727508 5.796301418149108
4.3344144274178396 -9.011817329007068
-6.747187010990285 -7.380749788383561
-5.067848687365441 8.620725589065481
-2.3422887884726875 9.721814811618001
7.633432737082259 6.459930699972008
-9.971831544882011 0.7500504253022098
-1.1945875317742531 9.92839164361124
-8.309244046681625 5.56385328461184
