10.99713932321985 10.075585515071738
10.966652327991065 10.256092320832648
10.975874237424788 9.781666601889253
10.133365710450656 9.008933106558397
9.052110844063744 10.318600295132402
10.689795996091362 9.275996212871558
9.009763351962906 9.860603511937127
9.319119675387837 9.26760530889688
9.564881256795205 9.099626922152888
9.654882878313932 9.061440373594131
9.471524385314249 9.151051518240054
10.652310387252871 9.24204804988574
9.30239121764063 9.283521119100447
10.53661548565425 9.15617310984062
9.916068904510277 9.00352843933713
10.624403135583583 9.218897750436353
9.449916465306975 9.164890363569173
9.178203051556109 9.430219537428398
9.014103768578387 9.83264223690351
9.761989981776663 10.971262699389474
9.009201334116664 9.864655980243674
9.51226243268914 10.872990300881794
10.595822910846806 10.803115844016316
9.010600697010807 9.854779411774711
9.06842653820273 10.363553139547783
9.76020231564808 9.029177116782131
10.170891058310238 10.985289930015327
9.899752478680153 10.994962529178474
10.831494610306896 10.55553281904005
10.377563882379217 9.074016460879173
9.852470921941038 9.010942281195343
9.10973254365735 10.455438092584696
10.994877357835273 10.101089281660844
10.999826668998312 9.981381945328817
9.891766655034676 9.005874483257966
10.821577736577439 10.570096503024088
10.598534148771906 9.19890270706119
9.000563757684205 9.966426237242711
9.018515862764678 9.808456562745063
10.786349669278735 10.61778167472435
10.804963522976104 9.40667569856115
9.443137710323116 9.16939516595687
9.210396016499015 10.613616777182123
10.999944342422916 9.989449547099603
10.999506659869905 10.031407592644223
10.36207419066578 9.06785071986633
10.665877460766396 10.746061128355645
9.789778255720094 10.97765373125249
9.715135341939343 10.958567747521261
10.18560825561972 9.017376178059068
10.55761728153347 10.830098167288195
9.855425980237492 9.010506011736448
9.007756140795237 9.875693427887185
9.690514405464993 9.04909586877787
10.943164419995218 9.667673538737759
9.119240886995383 9.526435448054523
9.074764286223528 10.379392770031986
10.79741481388575 9.39656846735064
10.645944639136511 9.236615743435324
9.706555239740263 10.955976031433899
10.868574559614121 10.495558507535826
10.98488304751201 10.173220618644129
9.165935299632741 9.448333365517476
10.722837413284816 9.308981856999603
10.933094688576256 10.359630785877375
10.58572214155176 10.810511920267691
9.960632207462941 9.000775212021459
9.002978928439422 9.922870350291236
10.804518861550955 10.59392710108965
9.037561594118941 10.271500119493757
9.838714790266291 10.986907838210414
10.21613241371938 9.023635938934746
10.61094537964142 9.208327249998586
9.337225051733226 10.748818648238661
10.742546088180825 10.66979497379971
10.875342165622145 9.51649602578269
9.99819650239456 10.99999837369687
10.398541431567017 9.082849670269637
10.992351149611409 10.123447137937319
9.528268408377397 9.118257801018231
10.99903333801539 10.043958952829053
9.08025160584645 9.607491539642817
9.274068338513304 10.687766837562823
9.29468417998892 10.708893217658414
10.146242942693135 10.989248705691573
9.408963715510785 10.806644971729932
10.076909119026078 10.997038107301137
9.468309169756928 9.153061477416788
9.930739903672533 9.002401363745564
10.50992231154543 10.860220457899116
9.588494905733775 9.08859254041184
10.614240926741287 9.210881451291376
10.744772959214913 9.332682055372207
10.194903044720627 10.98082251358675
9.233898979197287 10.642720177001657
10.490510642540892 10.871435201007007
9.011601044251876 9.848120099170378
9.500732638608618 10.866447979886436
9.153581028382593 10.532517534440071
9.10022347270648 10.436351006566518
9.002620162087412 9.927657350577547
10.755139232882083 10.65556444302773
9.624920637755944 10.926992703325432
10.833245485926883 9.447096789498854
9.132098456526732 10.496736258830296
10.763994834344448 9.354777640580396
10.786490805156987 9.382398013763302
10.863781312998865 9.496133109527968
9.981120221774349 9.000178238897478
9.025555950912944 9.775369647645684
10.955755652283955 9.705838253460325
9.569125327716153 10.902411777839966
9.23321600489884 9.358094785146044
10.082517537648968 9.003410387380868
10.874493255309467 10.485037675256523
9.569042497771829 10.902372224347168
9.94116374587767 10.998267647077101
9.060431550517551 10.342361108680802
9.075838909549553 10.382002982838406
10.62347688547156 10.781841782768536
10.903915323798179 10.42771145343892
9.202065457251896 9.397255887221306
9.259729020993927 10.67230861785447
9.086710013696203 10.407309956810796
9.593828269397772 9.086203236348698
10.805939727054083 10.591997598268769
10.41589577304169 9.090587713978938
9.045409521701389 9.702078838043304
9.60893457419704 9.079637118989716
10.308428932347722 10.951247388270183
10.993393821139403 10.114755026565527
9.251812837313981 10.663487731304691
10.980818012280356 9.80507430444805
9.996204829101991 10.999992798312995
10.993899386748886 10.110290566324535
10.508574913778107 10.861017744924919
9.8664216788152 10.991038259659762
9.06485496530155 10.354265104235278
10.442959457680463 10.89654164367944
10.787350058343366 9.383493807308719
10.9162994431699 10.40049385818828
10.493323131756956 9.13015387126601
10.892657418936027 9.549264232150954
10.768188274944041 9.359775996827283
10.340437428611544 9.059732826692137
9.013908846167173 9.833794595958368
9.497608342020747 10.864640169083566
10.70902164584244 9.294813283075415
10.982588016205328 10.185797713682584
9.582251501089349 10.908562706508416
10.994841262216305 10.101443890855332
9.149425272997945 10.525854194416457
10.757454492722529 10.652887962405845
10.351882769821959 9.063955921816484
10.114859365266845 9.006618237428079
10.181892426242898 9.01668156466205
9.35835029090262 9.23300218330477
9.559910723268672 10.897954023603713
10.810677081520177 10.585493526435542
9.001098990776693 10.046869753281417
10.5141202586926 10.857718111970275
9.172779598001826 9.438122427464862
9.008092438671405 10.126962158847274
10.461154435880967 10.887319889480285
10.446222655221142 10.894921975351703
10.678550381688778 9.265446135732708
10.852040061365779 10.523476583839049
9.143752638301526 10.51656602248348
9.544248534422875 10.8901070731234
9.125811846423916 9.514412652402024
10.47381865134494 9.119377557838966
10.992719095320206 9.879547528930981
10.635684482650019 9.228051013007999
10.987944807208255 10.154806517660736
9.007620220183671 9.876783229178432
10.882814518524183 9.530278246317124
10.997392934383463 10.072161862794307
9.378492986541808 10.783408598511835
9.001191116727064 9.951206407233425
10.6315738574703 10.775315717988539
10.99995511742484 10.009474340920288
10.928552557528775 10.371200953536992
10.252159249731264 10.96768575104471
10.9571813076487 9.710510890899288
10.087639551349152 9.003847748062919
9.975285738342919 10.99969455598735
10.689327790068749 9.275550417324343
10.123567587219357 9.007663841539175
10.570905788232425 9.178984420998777
10.835693942271341 10.549195443217606
10.972180133606457 10.234234471888604
9.967912548501328 9.00051493485079
9.003814047762466 10.087255650617008
10.7898822959382 9.386741523855237
10.968648547138413 9.751564913656221
9.064995452098106 9.645364277881125
9.248248406465786 10.659446390253802
9.346276132322389 9.24326682058428
10.950214791819004 9.688404349503454
10.648280320224327 10.76140175098948
