0.017315959458446994 1.1852891698533066
1.7121670236226227 0.297989935638744
0.039215198940278806 1.2772950884033685
0.39408576937560547 1.7955299775161513
1.589476405534276 1.8077855948940842
0.37726119312468454 1.7824297913624638
1.5731847342968894 0.1805738225019874
0.10958917428330672 0.5448422675088158
0.12562704680797498 0.5147454907718457
0.010685102552600578 0.8542055087164072
0.04093707804733937 0.7168069355799391
0.6039025907272348 0.08179150386886336
0.6885995327660586 1.9502787743638614
0.0015330174368215488 0.9446494378422277
0.8094163077585819 1.9816709511091934
0.31188998691946745 1.7256063739372123
1.209806456916756 1.977742936888852
0.34522227042459175 0.2441785099297099
0.043301130031277446 0.7089205053588121
0.7835064594652359 1.9762840503187187
1.2426052995071284 1.970125078869244
0.6893148215350451 1.9505128720234142
1.7074225926287363 0.2932091713679096
1.2913223736480062 0.043375060636567264
1.0276731777704202 1.9996170242808426
0.3669346156780089 0.22590167344629286
0.18483416779060013 0.42077235390707
1.2702823108366212 1.962781113467031
0.0010436631207192404 1.045675343553486
0.061376102105969554 0.6550577174334572
0.9304324677646935 1.9975772443568918
0.40135939100641926 0.19898225908298706
1.460968854644903 1.887416314391034
1.9318238073416056 0.6370890025482915
1.5230968547110795 0.14772675708351868
0.8164433732883632 1.9830091376941748
1.314589057873852 0.05077203756629556
1.2749530194487562 0.038542337335641275
1.0618534610792456 0.0019147584737472245
0.10518450635961263 1.4464361458720718
0.5245410104407535 1.8797378866726726
1.549189105762307 1.8356981070410519
0.31776235886596704 0.26886950479420546
0.124006364836734 1.4823226629067379
0.13309851314926258 1.4984795001762667
1.8010965330085136 0.4014648341143694
1.3795629884395741 1.925165897451273
0.12961280286599786 1.4923678777755671
0.06902798145529576 1.3650905376571665
1.9837778530770596 1.1793910136965942
0.9473918083097923 0.0013847697100317635
0.7250718461303587 0.038535226745238016
1.089217855762159 1.9960121355752662
1.302493375649091 1.9531514872717861
0.15509416785772379 0.4650849274772977
0.5667170900505117 0.09874203473938514
1.792906115626386 1.6093438206811295
1.447422266811444 1.8943228249135258
1.5383018266541408 1.8427521245424512
1.4148162143524878 1.9099052194103905
0.7847116475399073 1.9765505236776124
1.9782462084305688 1.2074472359208872
1.4269601669759402 1.9042704328992945
1.4398045186340713 1.8980935281968425
1.080152244274759 0.0032173668558830304
1.3173464655611375 0.05169033496655018
0.4033671007643518 1.802514288688784
0.17152600639100113 1.5600275367457894
0.37310333170259735 0.22089758871017717
1.9946864355821252 1.1029509342790373
0.27432682512158635 1.6880395651863949
0.43331584006739654 0.1760648915833969
1.5644954803311766 0.17456384093881971
0.41850141598441803 1.8135474152056985
0.04705306331652426 1.3031371568540875
1.003447046084421 1.9999940589189977
1.6191215449333907 1.78529517545907
0.09930210733493472 1.4344459760991124
1.213568191693369 1.976928158820711
1.0408966275788323 0.0008366170376947757
0.4337568822842246 0.1757617264167366
1.9738144676354252 1.2273441941724779
0.6112476128905835 0.07865772835675755
1.967880708333738 1.251409893272682
0.6109054110246098 0.07880219234408059
0.02013165918486237 0.8003552287982747
1.6980238701059518 1.716074491070803
0.07727307929730953 1.3854543161135062
1.9988208000524201 1.0485490410064207
0.6199474485732563 0.07503510436664551
0.060568792540480865 1.3427375183010315
1.9817662490896608 1.1900921675093896
0.24813379506896738 1.6593157133593939
1.7154955401843108 0.30138269991621236
1.9982329115495951 0.940577325041546
0.10968045504758694 1.4553362580288638
0.5725124958947951 0.0959787425984373
1.3617549146340275 0.06772676658710863
1.8328266330506224 1.5535339188175952
0.046783560899408716 1.3022886372796516
1.8097855434031223 0.41327402162908267
1.9982418998867542 0.9407285118249643
0.3346927510271175 0.2534303351567685
0.24576894650136127 1.6566091058905088
0.2618704881077728 0.32534095746537095
0.9268007036619508 0.00268266684288776
0.8134280709576686 0.01755869626047213
0.02740473622246653 0.7674952626772732
0.17400021071865146 1.563670425077605
0.8552549923820603 1.9894689903022138
1.2776929138198625 0.03933010580416629
1.959975085860242 1.2800854057740623
1.995511516281277 0.9053595173757418
0.2610959542768825 0.3261893357819208
1.9959545633223694 0.9101417349524912
0.4590974959597818 0.15891470044767653
1.5852712357165553 1.8108375796932554
1.108058826296413 1.9941445015989585
1.9686310900830362 1.2485031414782295
1.658589322838606 1.7525025606886575
0.9607416042617632 0.0007709079675172203
0.00022583581813362397 0.9787486321745978
0.1455987328972035 1.5196137746183562
0.01553164824419595 1.1755621382622417
0.13321521324064178 0.5013176026341677
1.9964492225907504 0.9158041165003354
1.6027264540461659 1.7979478815016274
1.732828979567833 1.6804128795853062
0.3220886708116574 1.7351436796695558
1.2644902663322475 1.9643883548734382
1.434795665905298 1.9005291382903544
1.4539366054203517 1.8910339826625289
0.050909471519756555 0.6849965575599335
0.009527377886961563 1.1377097848539535
0.7084338192226592 0.04344934152606683
1.5620166397020938 0.17287407446147174
0.5777087102900796 0.09353981519587296
1.9675280697886546 1.2527635934446268
0.15931405967404932 1.5415229909600072
0.02079273208438115 0.7971376662334049
0.20256139868174117 0.39659990294367775
0.04750683770612241 1.304559970750276
0.08537080424268728 1.4042937475009123
0.30317988482081126 1.7172459320774585
0.01826818797813945 0.809730062111025
1.1209527300054813 0.007341731961990283
0.0517086002546262 1.3174010415372948
1.8887241142344489 1.458442415989396
1.9996374677938773 1.0269245795258757
0.010053189285223363 1.1414401355897332
1.0146221240593711 1.9998930910292323
1.7191590177058054 0.30515447238078797
1.618168984374206 1.78604523200498
0.383954681896977 1.787710712154751
0.6438831656233232 1.9344414375837227
1.441565309373233 1.8972291109622565
0.38772625937014615 0.2093541459445155
1.6066059756067452 1.7950026354410336
1.9871665904311295 1.1596938406344415
1.8493023958928305 0.4720933412707339
1.9053737607660604 0.5753844641133339
0.1129591212684592 1.4616908916788114
0.4278070749947366 0.17988094975551205
0.11370568915021995 0.5368775598663854
1.9902718134274469 0.8608535464659055
0.2777941160006413 1.6916781485031205
0.005918391005023671 1.1086358810796832
0.18014208593375458 0.42743297270717284
0.22828020772517588 0.36403729495252446
0.0016632396465172672 1.0576516515540786
0.030833787069348695 1.2464078970196766
1.8868076069737505 1.462138797563557
1.985793313902073 1.1679629193184289
1.6934219419105871 0.2794682446436173
1.728181359890296 1.685384495818456
1.3924895855094537 1.9197564488855825
1.9861310566083676 0.8340315114473105
0.6594748361849081 0.05976459713074789
1.604604476808886 1.7965258480568305
1.8439976022777125 0.46365305319273753
0.27798978352583015 1.6918823941299002
0.06384035277708633 0.6484248090216407
1.1325957764159815 1.9911701973307325
1.1428470475367871 0.010255224307790134
1.3345097986433156 0.05760772784810653
1.513057071501418 1.8583544963372587
0.7429736356391066 1.966404391558431
1.922912012205553 1.3850109319573891
0.11955731071906106 1.4741525818676389
1.6793354431225123 1.7338278788091523
0.9954786346617178 1.0221424499912146e-05
1.9962336199309916 0.9132902859006392
1.6026439487377195 1.798010194828242
0.5402361898668816 1.8880412371573057
0.5950616497086672 0.0856560097734913
0.5171605506784159 1.875708893513609
1.6637727175896093 1.7479343416261246
0.04238078037685811 1.2880372028199911
0.1283848539142859 1.4901908170437093
0.46579912873301743 0.1546424252793397
