-2.392282336499134 9.709633629672865
3.666381230294779 -9.30363631458916
-3.5814075742898908 -9.336676056649871
8.00459766703867 5.993864879094211
9.164486331671522 -4.001523494446312
9.450330529063809 -3.2697481388395246
-9.99702450239236 -0.24392847018495317
7.522949685200815 6.588264417427169
5.669334825955328 8.237635742809346
-9.37143479048816 3.489442644266866
2.4139957951613717 -9.7042580499976
5.939219011790086 8.045227003011862
-5.792605184452038 -8.151424732956771
6.393316698895348 -7.689310865586453
0.025948851168679093 9.999966332799477
-4.715382202894947 -8.818456252690808
7.575935560810489 6.527265919084886
-8.046174063721905 5.937935915475084
-7.006596150292623 7.134956929561984
-5.465119948435065 -8.374512758914221
4.627462563306733 8.864907795639764
-9.609983730555967 -2.765540218194202
0.23567646725977087 -9.997222444398242
6.156919895657868 7.879869123180429
-7.723467779520875 -6.352011134963704
-9.89893147391758 -1.418152204343364
-9.561862577666545 -2.9275901430733238
-8.227021947305676 5.684726016137515
-3.9696052596075955 -9.178356829133183
-6.31360620606174 7.754893724273639
-6.384610806505676 7.696541096456961
-9.146284058901808 -4.042955344037168
0.9243365326769437 -9.957188457308558
-7.627681271310115 6.466720840062985
-8.54993196461023 5.186392137173611
5.365535284597991 -8.438662874515959
9.78798413016411 -2.0482594239147374
-1.0306757564824844 9.946743561839687
-7.75142945593765 6.317858924479252
9.686372460498344 -2.4847914513091944
3.9055515823304496 9.20579528545775
-6.667999998274967 7.4523671422578905
3.260137173383153 -9.453650385471493
-2.083206652644896 9.780605811624149
-8.749198177822958 -4.842678106707012
-6.854474601226838 7.28122091006283
-9.425972917481642 -3.33931648079403
7.927394965586364 -6.095605717202842
6.950669671383909 -7.189449987259381
-1.5754657027915941 9.875115585112278
-9.701588473093677 -2.4247022701222303
-8.53251455421023 -5.214997160324306
-6.297755198829098 -7.7677718462646075
-9.899083966525307 1.417087373340686
3.5256295859333258 9.357880957930146
-7.932242454108841 -6.089296318067742
6.48731248234927 -7.610175868950424
-1.3416026461089707 9.90959647715049
9.466729184971928 3.221961908278982
-9.915955356157495 -1.293765579497104
0.5503926335478169 9.98484190906077
2.258049858793185 9.741725249420869
7.188206753319358 -6.951955384748523
9.991075027067565 0.4223976840690024
-6.6675025274449435 7.452812224020895
0.707182977233791 -9.97496326994294
-6.319439181091868 -7.750141188164312
9.916581174259182 1.2889599739046873
-5.442893521003934 -8.388975510693388
7.731829327537465 -6.3418305913853885
2.257570065223376 9.741836449079162
1.372056339609238 9.905425856617073
9.727377832187678 -2.319077512689855
7.91325774068749 -6.113947327991102
9.021532638064208 -4.314156795984849
-6.981662497292613 7.159356729057288
0.14747300789334808 9.99891252646721
-5.879328119986697 -8.089097654097996
-9.920717949491145 -1.2567240614566915
1.126064151642868 -9.93639670737762
-9.848080397874295 -1.7364655127597737
-0.8408029543459465 -9.96458982557552
-7.740674395126936 6.331031504314778
7.976452054139416 6.031269570166392
-5.8851018713397565 8.084898018154176
-0.08178350434188283 -9.999665567328616
9.988995114850661 -0.4690166260268621
5.843948614294366 -8.114694362296522
3.547973772474075 -9.349432181145339
-9.069316346786456 4.21277829963932
9.716790368094998 -2.363045692003495
-7.453269892960831 6.66699091814918
9.425411296998798 -3.3409013577786846
-5.59116563635495 8.290890593105395
4.410140080274163 8.975002199016968
-4.855267295283432 -8.74221822487583
0.1104713581049441 9.999389785333825
9.13572420910604 4.0667607718126
9.779276300277754 2.0894389301498686
-9.780191139356415 -2.0851525789865466
0.5515933542937419 -9.98477564953259
9.11902470487295 -4.1040697401380495
9.995727049500251 0.29230250065472896
-7.141546146525367 -6.999879901616075
8.046960088087811 -5.936870669024365
4.756985365501877 8.796083800896907
7.613478956697151 6.483435676856035
-0.1393551401258667 -9.9990289601001
8.926928975219747 4.506654975853169
0.1333491287523825 9.999110860964638
9.959257122192081 -0.901774680320037
-9.601282120603742 -2.7956004078864543
7.834920501720416 -6.214018082667696
-9.635108474076453 -2.6766928648576993
9.849596741523882 -1.7278437514318656
-5.501078932291454 -8.350935910465312
5.21279775146815 8.533858424082778
3.1950190232378377 9.475856343420807
6.581163402090253 7.529162521488551
-5.871795081358238 8.094567469762495
0.9709272097963353 -9.952753405629876
2.6546416053076944 -9.641207286816801
9.856992076040337 1.6851430837997081
-5.159027106743026 8.566471812356045
8.126219110345245 5.827912402452506
-0.7719189522996177 -9.970162542861608
-9.779505927737043 2.088363907310226
7.313325935376573 6.8202099500637345
8.535436860607863 -5.2102128170139625
-9.612007646293247 -2.758497599708973
-9.665450840113571 2.5649678472347066
-9.999031305816452 0.13918672818391153
-1.537784914086553 -9.881053463978818
7.8411064662533105 6.206210549512523
8.334851264360093 5.525418934433385
-8.515681572777586 5.242439065078034
-0.568754265780064 -9.98381282803103
-9.623156332147104 -2.7193495926520916
5.795066386496042 8.149675182245224
-7.962236791215425 6.050023576864433
-4.952700449552124 -8.687390762306379
9.323177698458647 3.616401194967634
9.022565738951288 4.3119957660348405
9.059608259110806 -4.233615262568299
-6.006551128149582 7.995082460170437
-9.867435501041161 1.6228729564548652
5.458417192294693 -8.378883085164855
-7.929330261624767 6.093088018573316
8.392931965648433 -5.4367906912071495
0.260596370419283 -9.996603899911424
-8.510646266848333 -5.250609499913368
-3.3230129607700425 9.431732866369483
9.161619282989546 4.0080833466326675
-6.4714196437082405 -7.623695153600196
3.7865645003851887 -9.255372995423937
-3.540060267217444 -9.352431411374711
-9.203484351430047 -3.9109942205252928
-2.8314549171059826 -9.59076967987431
0.9557891521222701 9.954218557811828
-3.8304328786890407 -9.237303933608441
-8.397935968949378 5.429058063921057
8.867714925345116 -4.622080916947632
-9.21991809973733 3.872093779098847
7.384922289805821 6.742619874613216
-8.36290908029748 -5.482859811692977
-4.433507318134092 8.963482183841917
7.845892383489453 -6.200159087209149
-1.0089860184721597 -9.948967143102227
-9.73806060034048 2.2738020459346058
8.694174612309618 -4.940782105160163
-5.7628894955699135 -8.172460135225496
3.0124511890652212 -9.535467363139551
-0.00524339552026032 -9.999998625340076
2.5541162526469865 9.668324062006016
7.87599760399167 -6.161871610307818
9.977338334634581 -0.6728445260468918
-8.309107437835925 5.5640572954005165
-9.618166192822281 2.7369470377138394
9.831420172692773 1.8284357762769763
8.61400923493741 5.079256333402854
9.974260411613752 0.7170280617344529
7.65205641872093 -6.43785931538674
-8.76174991751457 4.819931367035578
5.037280110416616 8.638623101467106
5.659069319179722 -8.2446912883818
9.367634548695998 3.4996318323613878
7.611239642970816 6.486064376589975
0.23546736014116793 9.997227371742035
0.31054100875195884 -9.99517705105234
-9.633012816110584 2.6842250435925146
-6.822339058624118 -7.311339806709286
7.040644923115304 -7.10136036732475
-9.691654525507783 -2.464108877100304
9.836839471166718 -1.799052311217354
-0.12963109944646148 -9.999159753602115
7.031073827308912 -7.110836858973184
-8.524369380466254 -5.228300552318062
9.611212577984269 2.7612665175236115
-9.172820351686164 3.9823820504431895
-9.753460784625066 2.2068082659762247
2.784033615596618 -9.604642462227734
4.153389176789053 -9.09666743077549
9.61502525997284 -2.7479609258656144
-6.878786785769142 7.2582568400358936
5.124718074443207 -8.587040506337157
-2.2067149922367553 9.75348188817909
6.419420974135354 -7.667531177428044
-9.641656241000025 2.6530105409487668
-2.491368107891198 9.684683007253392
6.660050038314038 7.459472735197386
9.610950195434471 -2.762179635881436
6.752265416213286 7.37610410372644
-9.98885201233532 -0.47205452615627524
-9.81596773963657 1.90965372107462
-9.965951463173617 0.8245067820628394
-8.772626805217303 4.800106138033079
-8.125338031541236 -5.829140749131864
-6.2816585655129 7.780794668047629
-1.332431000047689 9.910833851402813
-5.001829957300926 -8.659197253686223
1.1357293261302512 9.935296618509572
-6.158667130551601 7.878503612683269
5.250802310296625 -8.510527310230762
-2.439187036966102 -9.697956825986417
-8.927090545395185 -4.506334918125362
-8.09496870595522 -5.871241917142035
-0.3933020178814046 -9.992262682832674
-9.738288315985864 -2.2728265826352017
-9.044634847937573 -4.265510575238708
0.2725618160914942 9.996284812689607
9.697810486021678 -2.439768795850947
-4.6409805767766885 8.857838296445783
9.126815385013911 -4.086715175770556
4.496198538782095 -8.9322001041095
8.637516863402666 -5.039176761578678
-2.6908108968752336 -9.631175251092543
-0.03322731607234981 9.999944797120964
1.0722262295307057 9.942350371652891
-9.392409697977351 -3.4325850412394745
-7.279967717408477 -6.855805571447488
-8.992920746854397 -4.37348561685022
-6.565727792355977 -7.542626767690702
6.924320728634288 -7.21483072892258
7.104629995217979 7.037345567118968
8.659570844773437 5.001183138453328
-3.1596701481911635 9.487701753039543
-2.7554984688810276 -9.61286784409285
3.669213821646549 -9.302519547468735
-9.052385291945997 -4.249037599993648
8.50154101397943 5.265339532036429
-6.49733291157545 7.601622526550401
7.773545858391228 6.290626740436012
-3.8023853245602313 -9.24888457294008
4.520338980767416 -8.920007595229647
9.552330619673413 2.958543515388908
-9.07981878916559 -4.190094361218552
7.833247553948766 6.21612682934926
2.5983356810352194 -9.656534144746718
-1.625704988339411 -9.866969306270713
9.265331533601788 3.762131254016044
2.583805966649522 9.660432015531518
3.034235210324346 9.528557954298645
-6.176953325834257 7.864174947854678
-0.8906526834276827 9.96025791822195
2.727248622676689 9.620920691394774
-8.143494200175507 5.803748979040003
-6.9286844058334935 7.210640221530941
-0.3891532962249048 -9.992425116658982
7.541556593911579 -6.566956992460723
7.82049209397977 -6.2321668308863405
-0.05170430464778042 -9.999866332350692
-0.05418677209245639 -9.99985318860883
-5.052471221544087 8.629747073667268
-9.746993082274413 -2.2352015242690606
-4.46213609027857 8.949264858737475
-8.56329239974039 -5.1643027870709215
9.049578638695149 -4.255011922671014
9.454749688586181 -3.256947700866488
-9.658314908694114 -2.591708533862747
-7.668782460067394 -6.417926112083458
-6.0002299400338845 7.999827539811153
5.998879221509111 -8.000840461210698
-8.534582402554074 5.211612343029203
-8.945434710601116 4.4698095975525325
0.4805989877068113 9.988444554234416
-6.501610509347156 -7.597964252663118
-9.64790140244382 2.6302088374732904
-9.995162038288154 -0.311023838898861
2.3533242294050396 9.719149400605753
5.162955844206833 -8.564104562111005
-0.6646673284324167 9.97788641659718
2.5032927393923563 -9.681607586599734
9.103568397166962 4.138241466867655
8.342090286989297 -5.514483624394839
9.033625958376636 4.288776287490849
-1.957664202659586 -9.80650553814279
-0.18567198294157655 9.998276147154096
-3.914596401727909 -9.201952782511922
0.5061262794187692 9.987183596454093
7.801871081540944 -6.255462223290548
-8.479393484798573 5.300932571723161
8.007982349938468 -5.989342091004152
-5.694081260813514 8.220549774513405
-6.314244539156062 -7.754373985031792
5.867067701664296 -8.097994602621544
8.363218416589774 -5.482387957488381
-7.6851425978628285 6.398326597674908
5.8401145612595995 8.117454152094952
8.788020004723206 4.771865923995009
3.5027929471412196 -9.366452987628653
-1.6816528741363226 9.857588123415841
-4.595130517082064 -8.88171016927377
5.445306165864552 -8.387409657337448
9.239290552551822 -3.8256385199763243
8.91917829670299 4.521975067558682
2.3253258439814766 -9.725886063455187
3.2693212656742405 -9.450478213392707
8.45629705603625 -5.337699888535571
-4.4881889206520285 -8.936227403806171
-0.8542715023944076 9.963444193660985
1.120271163018238 -9.937051500385301
-9.804169731760927 1.9693287868771148
7.061252547012406 7.080869471139177
-5.7760710986753665 -8.163149065345257
-7.734960477500525 -6.338011234725357
-0.438670927834265 -9.99037375762654
-0.6283602673360325 -9.980238643160463
-7.288060509332195 6.8472019111687175
-9.976730807879491 0.6817935076753433
9.917777698416074 -1.2797208776919868
-8.757348988002692 4.827922814454292
-9.078968409303037 4.191936619615984
-7.630097647999517 -6.463869574952161
7.96115620547242 6.051445436593474
4.308643972051142 -9.024166838113498
-9.908120413758358 -1.352460670949406
-8.47800577826703 5.303151706643025
9.985843802954209 -0.5319055771478989
5.382082219924332 -8.428119065246669
9.553731649778378 -2.9540161753150445
-5.6160131823310575 -8.274079763688757
-6.6327067958893124 7.48379586571973
-6.742683052068852 7.384864606703596
-8.680288914008424 -4.965136893313462
9.919894906939833 -1.2632042729777169
2.4091052853454085 -9.705473286971678
8.721300782875748 4.892740812122678
9.864981670944498 1.6377230021982006
-0.45841770697902406 9.989487134279122
-0.4896612335747792 9.988004399094647
9.80321947193286 1.9740536935748254
-8.825102097788514 -4.702932379229873
6.717391101672149 -7.407878021888309
0.7487694737416661 -9.971927811370909
-7.724031669131754 6.351325434446714
-5.245069884976262 -8.51406142224233
-4.632292750068742 -8.862384773731085
-8.264792219558647 5.629672243347996
-8.690652551786869 -4.94697465367677
-0.0718549089791355 9.999741840270458
9.17918108276814 -3.967698911176541
7.409372780881456 -6.715742326350305
-2.586220954016822 -9.659785772831835
-8.404825023348936 5.418386874973727
7.197934276750995 -6.941883184523716
5.388026317483928 8.424320293180962
1.5395991675181087 9.880770941752345
-9.976785312920462 -0.6809954624625086
-9.349575585654105 -3.5475958574985245
9.049865996221072 4.254400715781435
-2.805021263694352 9.598534039644935
-2.2765058561461675 9.737428874550622
1.5264871154271296 -9.88280512235443
7.239665052832129 6.898351246696645
2.397627281878343 -9.708315168822686
8.12212124506573 -5.833622072130824
8.698426118225667 -4.933293328575705
9.995489387255162 -0.3003196784585147
3.2249794444577597 -9.465701642394235
-6.834427116485981 -7.3000415060081085
-1.1567704649533082 -9.93286877449872
-9.359919578038289 3.5202138418930655
9.349452155251042 -3.5479211373241726
-8.559743351701592 -5.170183145015312
-9.56030933292662 2.932658428585941
-0.816110870930006 -9.966642516231325
-9.999934521355108 -0.03618796223059792
-7.393491000052844 -6.733222915672523
6.631740932488579 7.484651775757874
0.6009729487705908 9.981925240896466
-8.85833624851488 -4.640030054670694
-9.315781054563448 -3.6354124034883184
-8.72197236037142 -4.891543533989756
-9.992851355611649 -0.3780499763926079
7.786488241285677 6.274599658011645
-5.125573810935778 8.586529747729829
-9.693773411009268 2.4557599752438626
-9.25510291048706 -3.787224592797994
3.3487903034899134 9.422611288982047
9.445109710302418 -3.28479870925921
4.625356243083253 8.866006971831839
-9.23894202553184 3.826480138307478
-8.330755316890485 5.531592523866966
8.292038749063584 5.589462709780614
-9.868674442491523 -1.6153218713663944
-2.1267313906419036 -9.771233985124825
-2.9025845770546264 9.569482889531942
-8.193124971737516 -5.733472176394607
-4.877156717326595 8.73002533528031
1.5718917554180756 -9.875685105816643
4.0613362281301875 -9.13813701156189
6.164150075523363 7.87421449075559
9.99941500814652 -0.10816420320104282
-4.028520240988654 -9.152651237097626
7.134980714370291 7.006571929664608
-5.993304291956303 -8.005017405603699
1.2909275151677637 -9.91632523420762
-9.197340606982605 3.925420456352265
4.699161954290055 -8.827110338460308
9.455999559687916 3.253317126746473
-8.848623684927578 4.658525397863439
-6.7335054117020166 7.393233722166483
9.979276986900752 0.643452266071892
9.31128017754398 -3.6469249314013226
-1.0867920667645328 9.94076873303155
3.5555458522200234 9.346555177858898
9.987440698668546 0.5010272353666351
-5.283221928099239 -8.490439685814353
9.979604653123161 0.6383501917933017
2.4265846744590416 9.701117812792528
9.025338270425939 4.3061896270815705
7.713502133662096 -6.364109115500007
8.112527870093468 5.8469557512398485
5.653594453439071 -8.248446505618071
-8.409061093694053 5.411810373850971
-2.287551536906806 -9.734839904487146
-9.795907457290156 2.0100241511502115
-6.138824505611888 -7.893974517902813
-8.82533191017345 -4.702501108481978
6.123021323013069 -7.906238668161194
9.783030979832247 2.0717878384724835
4.071722008328271 9.13351410394133
-0.10218882700005359 -9.999477858550232
-2.717698190604079 -9.623622838868288
-0.17590297183196116 9.998452787531713
7.999221890653492 6.001037339001481
9.636240726607767 -2.6726138252403397
3.8167633048330347 -9.242960449708741
-9.916061350612646 1.2929529345208652
5.39571666087043 -8.419396754851578
8.530832688782615 -5.217747946767645
-9.9715285681454 -0.7540676459444094
-1.0762586867842694 -9.941914666658601
9.523267958473363 3.050797828620337
0.01134225516792992 9.999993567660317
-7.788380552857202 -6.27225066175418
-9.930826354271403 1.1741754218635905
2.1500341245496646 -9.766132973868007
-6.406802984215942 7.678077592825023
0.9956525757879021 -9.950310344322277
3.9895254973017282 -9.169715715679489
4.587211749175072 8.885802629376267
7.762410430823308 6.304362323300073
-4.815586692997283 8.764138565896108
9.00626085373382 4.345948162887099
-4.4018729643455305 -8.97905977292522
6.717195957147373 7.408054972344833
7.888434347062382 -6.145942039434353
9.584523687737049 -2.852526192554139
4.425989147257544 -8.96719689024159
-9.014984561758476 -4.327823165432746
-5.692312820247485 8.221774428701272
9.993277998710163 0.3665990186776328
4.252978806764742 -9.05053430849306
9.010556318607218 -4.337035258008346
-9.998336925218725 -0.1823697612208967
9.744279295808555 2.247002671399549
4.148468973734905 -9.098912307191386
-4.251578041936706 9.051192416103065
9.14317041358527 -4.049991949144957
5.864518594296148 8.099840841470574
-6.252262457599014 -7.804435544054288
8.111266669660086 -5.84870524250123
5.727834254358254 8.19706744845986
6.536143063154513 7.568278130326419
8.197742879718584 -5.726867527542718
-8.608232431541914 -5.089040617302044
6.112325530772614 7.914510509555552
2.4992125572303685 -9.68266164821337
-7.456009378102254 -6.663927081957848
-0.5879325534639497 9.982701804250059
-3.403204439551369 -9.40309521076001
-1.7729685719672892 9.841574185201079
8.680530236284 -4.964714978421144
-1.5968141632376744 9.87168600230394
3.426125705142 -9.394767833883137
-2.487443804585849 9.6856916799487
-9.724694365890167 -2.3303045916841088
-4.222793090695404 9.06465766111303
-8.538463429872866 5.205251411480879
-4.869653611702839 8.73421282669649
6.557291230379679 -7.549962365468171
9.92693066484135 -1.2066679640366937
4.981163939084495 -8.671101764595099
-3.9169395005656855 9.200955654110514
7.9092146837993 -6.1191766672954895
-0.22921063799697466 9.997372779056956
-8.908887384125222 -4.542215932446899
9.998192079497745 0.19014505375779814
-1.1525534878445989 9.933358971549213
-9.383705003307188 -3.4563102307095694
3.8792153194951515 9.216924026213633
9.88693111993445 -1.4995309365504006
-6.7477040115620674 -7.38027713384458
2.912917699332688 9.566342586219372
-9.970447007496363 0.7682359472888785
1.372261523710228 -9.905397433245396
9.633206627898865 -2.683529404386204
5.004582759937405 -8.657606562955914
-4.285500399281906 -9.03518048119431
8.90400766210815 4.551774110511128
4.2277539363501475 9.062344986463263
9.800710646465793 1.9864719540562477
0.40742925386421963 9.991696622851178
6.085115342685143 -7.935450287552552
3.990997662127657 9.169075071177659
9.015807897752424 4.32610771373356
-0.555526070764353 -9.98455761587368
-0.6352761997784491 9.979800807130122
-9.154066988611902 4.025302171018447
3.0771871392515115 9.514773739297487
-2.8659665765357585 -9.580513325609433
8.612587641048869 5.081666471272223
9.536275867581928 -3.0098907916026674
-1.5077365495794257 9.88568310725477
8.784872710217552 -4.777657529090479
6.063393399446233 -7.952060140840978
8.34479915397271 5.51038356921334
0.4381997636979894 -9.990394435010813
9.27449088275906 -3.739494466584896
5.850879644862067 -8.109698353289026
-9.479968808119876 -3.182796160151355
7.469434843080651 6.648875327825956
0.8486991732933035 9.963920398781358
-9.984977698121329 -0.5479236881352263
1.0933092564026907 9.940054067753564
-8.775129518457915 4.795529369557501
-8.386523636329304 5.446670661724454
-7.174429819377917 6.966172318197488
3.0308831552025506 -9.529624719762548
-9.760176870662262 -2.176912366952198
-7.392994900596305 -6.733767622940149
7.336686452745649 6.795074090405377
6.282339314281227 7.780245030860948
8.753600077429319 -4.834716711910786
-7.44974585397974 6.670928474441295
7.256888457304036 -6.880230368108865
1.1285650293714604 -9.936112971100911
-7.885606957415977 6.149569327453161
-9.85622556149078 1.6896205730920073
3.686382225471197 9.29572945431019
4.525356575096744 8.917463084769606
-8.005810475053629 -5.99224487462934
-8.229835216171509 5.680652455014588
9.427672844321856 -3.334514168576322
6.030540199844388 -7.977003503701175
-9.05853525168722 -4.2359106569827425
9.144344263053675 4.047340855272427
2.817067674313983 -9.595005456920553
-6.715583995904334 -7.409516286098141
-9.958720286005619 -0.9076840117024133
0.5153835642746671 -9.986710158088876
0.7034644413520903 9.97522620193413
9.515750244648952 -3.074166111559916
6.081834911825499 -7.937964733185737
-2.0588963273160568 9.785752189451992
-3.241417920108831 9.460085087735592
6.817323043092392 -7.316017121776131
-7.355286839270604 -6.7749358308439085
8.268396984499972 -5.624376526043731
7.909674634082585 6.118582121942183
-5.572472636023327 -8.303466066695957
-4.563899461110687 -8.897798700177116
6.395717749453409 7.687313865670285
0.7565372166069719 -9.971341506532037
0.6042047447856002 -9.98173014193324
6.3426799485557614 -7.731132586509474
4.876573096805182 -8.730351357850148
8.668117602088255 4.986355105321698
1.977992234764561 -9.802425552852268
6.003373883208935 -7.997468475611821
3.483737610080213 9.373557076377814
8.848867930448677 4.6580614368508435
-5.659290615223362 8.24453938873754
-4.786347165061365 -8.780141275373024
-1.3732101695180599 9.905265964643865
-2.4067419850606564 -9.706059603018431
9.098754305019206 -4.148815505285147
-6.078399600624953 7.940595588186216
8.695703950340045 4.93808999594383
9.884321328154535 1.5166383490434998
-7.807542611564621 6.248382060069847
-9.78079272530432 2.082328904048084
-0.2226998538165466 9.997519931218445
-8.201363805131404 5.721680848831098
-7.519673975840576 -6.592002980662705
4.411460733348071 -8.97435313535901
5.912512106162868 8.064874493411384
9.47398545999073 -3.200562373065741
-9.999969792702485 0.02457936203061621
6.343600945702627 7.730376901657561
-8.79623498231627 4.756705807160614
-5.961328662736155 8.028857986964296
-0.164677059106956 9.998643981370869
9.869521208838062 -1.6101400896492422
9.874361792435716 1.5801832780047116
-7.6473108156157155 -6.443495735186522
-1.873139734245211 -9.823000943499485
3.944760577030655 9.189062193167743
-7.656994455444261 -6.431985378504513
-6.221828767936259 -7.828719357754547
-7.624233828191567 -6.470785001300797
8.652320818404883 5.013715633679023
-7.599542678302738 6.499765463511375
3.8658507036509375 -9.22253752158708
-9.944962272820032 1.0477239102865818
1.0354511152878234 -9.946247583277284
8.492252892068095 5.280306886645992
-8.24582066527386 -5.657423579346219
3.483806212675524 -9.37353157953412
8.83532661751273 4.683695502684936
8.002277379623743 5.996962292658021
-8.924484363069691 4.511494082155551
0.03171922247264111 9.999949694419755
-8.46173901353501 5.329068667864918
-9.348036763615802 3.5516487250412876
-9.999547735297748 -0.0951056754440633
-7.086623682799411 -7.055477643532471
6.826860452974206 -7.307118197731361
9.192854674810047 3.935914497016298
8.009907554802005 5.986767154610721
-0.7844996440156213 9.969180523420135
-5.047171879193513 8.632847503684877
6.352537284876515 7.723035028034879
-9.330475375060573 3.5975309971407183
-2.54715335261173 -9.670160794851284
-7.0168463500612335 7.12487665153807
8.94917201672476 -4.4623222894666075
6.3169071237063115 7.752205130830095
-3.519198325488885 9.3603014452461
9.481976584245372 3.1768097292444937
-0.7844974106121809 9.969180699171963
-6.066725615505067 7.949518243653174
-1.3769154940331116 -9.904751572972012
-5.283863029428698 8.490040723473392
5.476897904230366 8.366814767080541
-8.790211524937215 -4.767827738798976
-4.9471224026775875 8.69056844705371
-4.361605198086344 8.998688798709853
2.467394829285539 9.690818477116109
-3.9425905348930805 9.189993464316037
1.1556738811762584 -9.932996420031923
-4.6434103092531585 -8.85656483631896
-9.756475044019902 2.193443574705499
9.52151423230787 -3.056266795284513
-5.59244149324047 8.290030044860048
9.970469789812576 -0.7679402127996551
7.9147621322868424 -6.11199970462354
-9.999266277985953 0.12113588210329784
6.364949771294671 -7.712808464424351
-8.55188850687722 5.183165342331009
-9.681812308432361 -2.502500834023364
-5.169241592052368 -8.560311989816487
8.137094598954965 5.812718080868703
8.901176187998097 -4.55730868717664
-9.999634919273282 -0.08544870537590414
0.4616952698304341 -9.989336188046542
8.340853251893153 -5.516354505503016
-6.1285610428754635 -7.901945301237488
-9.981160575444184 0.6135418218823565
-5.745031417929134 8.185023763374616
9.962936798347101 0.860168792819887
8.3633707594426 5.482155555992598
8.205240138306513 -5.716120561423081
9.776611703043638 -2.1018714537074277
0.813937154539069 -9.966820270701225
-8.4175746457017 5.3985587969420035
1.3366769443753537 -9.910262092718606
9.770768743588974 -2.128867811608963
6.26343912638477 7.7954685754015065
1.9167350161772434 -9.814587453263638
-6.77633722636436 7.353995770639835
-4.939443114111621 -8.694935406456754
-5.851266115105265 8.109419513764283
-1.062534441482919 9.943390797945264
3.1028722760070266 -9.506428542769727
-9.8427919557398 1.7661954920177632
4.555073511856215 8.9023202201216
0.44857709424207126 -9.989933863170533
2.3621344875797905 9.717011920471547
6.70075701344199 7.422927687025382
-8.507781357148236 5.255250363109346
9.455838749187405 3.2537844964542395
-5.8569898276069345 -8.105286556273558
-0.5479912791592592 9.984973988847713
-9.169101323739584 3.990937347916779
0.6353837567100378 -9.97979395988259
1.271050943978127 9.91889255400079
9.023713094104957 4.309594179882688
-5.2703217603681125 8.498453302936385
-9.542532716596591 2.9899948750263246
3.669076535442686 9.30257369640595
-0.7955148450097957 -9.968307586113555
4.373957254470119 8.992691362215664
6.191519890940274 7.8527117252635055
-9.696030682410905 2.4468324433328776
9.022282123808436 4.312589161792105
-9.971078081214902 -0.7600012488909201
7.451683616338572 -6.668763849619454
-9.49286954665809 -3.144110012409143
-2.9532510489792707 -9.55396819346301
2.8637802372937236 -9.581167087181285
8.47999100880598 5.299976650002312
-9.811893818931813 -1.9304765437600362
4.544691599774089 8.907624726207477
5.431837594269103 8.396138418909304
-9.010713561465332 4.336708557561224
-9.86146832467696 1.658747262663312
7.7121393494245805 6.365760493064203
0.5313346498707144 -9.985874197577635
9.49942689259208 3.1242421020622553
0.7489073209730743 9.971917459776376
8.51983062089544 -5.23569347758751
-8.932719602209922 -4.495166349346218
-6.745084543188382 7.38267123101396
9.40151573299822 -3.4075653951445943
-8.673731455512337 4.976583430191422
8.233960158213538 -5.67467180662918
-9.63308194665326 2.6839769389961283
7.178642242252735 -6.961831336490754
-9.953994359249704 0.9581212324257729
-9.226826112668784 -3.855603699367127
-9.993802632581438 -0.3520070184077451
-0.3617645518981583 9.993454178060253
1.4089403264922065 -9.900246823003155
9.106916530875363 4.130868104850242
-7.9634553341126395 6.0484195573383435
3.4741961712632814 -9.377097683376213
8.308664830968322 -5.564718207297666
-0.7167084509558039 9.97428338259589
-8.71214277138024 -4.909029265658031
8.774335638465441 4.796981770192092
-9.558170368894825 2.9396222885229593
7.222140211814381 6.916696520803391
4.293708671251753 -9.031282624656228
9.396324734922985 3.4218535146722013
3.923216023582459 9.198281145535063
-9.857247233239475 1.6836498991158226
9.92639521555677 -1.2110648308706142
-2.068232551044443 -9.783783220963155
-7.829807565009515 -6.220459267202042
9.909341187490309 -1.3434869667801597
-6.422401589769854 7.665034756589279
-7.1580107775406585 -6.983042439267555
-9.992707478383359 0.3818340627305522
-7.653110280767006 6.436606484042531
1.2701851581480068 9.919003461236443
9.173560918589207 -3.9806758311790125
-7.591968563974735 6.5086107061046
9.932381159679194 1.1609498261551972
8.62353849766812 5.063060712576518
8.84577500342508 -4.663932309626718
9.963455708332502 -0.8541371951252872
-2.429694340005779 -9.70033944839787
-3.1092428400062637 9.504346845621207
9.843443427111342 1.7625610619943077
7.7553770780557185 -6.313012464518658
-3.9997515086343127 -9.16525983642458
-8.371950090896267 5.469044859529129
9.239458792407977 -3.8252321790180153
9.950976707023042 0.9889704627969687
3.351793437981882 -9.421543437733629
7.552411354167513 -6.554470439130961
8.058037114117866 5.921827240598886
7.309197887516309 6.824633780733374
-3.256820012069228 -9.454793673528016
8.49545701865162 -5.275150239020961
-9.955324984715048 0.9441951327497575
9.938267905790347 1.1094282458715155
9.55565532493883 2.947787528124813
9.645684991025606 -2.6383254260805957
4.438670387212098 -8.960926581201656
8.819273720542654 4.713853099338773
5.402267229874498 8.415195112237393
9.961562717867356 -0.8759384784304992
-8.64873106774549 -5.0199054690117375
3.8064762222857498 9.247201672353274
8.859376108307774 -4.638044304612169
5.653745309745647 8.248343104680423
-3.6528891557732828 9.308941981537641
-1.365573939430662 -9.906321608748014
9.194498719220388 3.932072392804418
-6.121576311765999 7.9073575522563395
-9.366015471341525 -3.5039626411523295
0.1217487721741981 -9.999258834357379
2.1353986614537743 9.769343506943619
-1.635974655465051 -9.86527176142026
-5.432445354591236 -8.395745200360722
6.175326256161916 -7.865452665292523
-2.5349913337080454 9.673356136213796
8.72371117554801 -4.888441809576828
-7.819838719987617 6.232986635103785
3.996481448763018 -9.1666862076594
8.244752269482778 -5.658980474861051
0.986690022173467 9.951203083051984
-4.578805401172601 8.890137293551355
-3.030329580188434 9.529800765778631
1.493588354313447 -9.887830592595083
7.965970077805903 -6.045107171878843
-9.148003945481145 -4.039062244316297
8.752051195467152 -4.837520012560361
3.2760666853680123 9.448141990519716
-1.6496835961725447 9.86298859537611
7.174959011892538 6.965627263761825
2.9847004398341106 9.544190027679356
2.768070879485496 -9.609255101522926
9.931825479522798 1.1656940611934814
-7.426767655655046 6.6965007420977765
9.911245069039289 -1.3293687153850136
9.780759850509124 -2.0824833124586473
8.38793638328179 5.444494763521917
9.845301856310968 -1.752150495282808
-0.8169079766796441 -9.966577213749822
2.0585239289257644 -9.785830533686962
9.840417529561606 1.7793770943497873
-8.120266587269978 -5.836203436453085
-6.098310461299644 -7.925314474366511
-5.6344812804350966 8.261514431411863
-3.6753218198912623 9.300108038094567
-8.877769397198415 -4.602739459296744
-0.4028839987696533 -9.991880928210433
7.97334426999779 -6.03537746558518
-3.975321211786093 -9.17588258769278
-7.960738446871295 -6.051994991777935
6.914816874509336 -7.223939893991432
-7.978950970668283 6.027963288513929
9.653124914184428 -2.610972882117293
-8.681384902104163 -4.963220343841071
9.510165089822122 3.0914009711340595
7.2568719157682295 -6.880247815168749
-8.743566330864816 -4.852839150205494
0.2512165858474644 -9.996844013337165
-6.258027059056523 7.799813929070128
-9.535741374310877 3.0115837099864433
-9.16346726529332 -4.00385660056623
9.98294888347598 0.5837221855520385
9.9741084857794 -0.7191383134719952
5.511879549869597 -8.34381110930307
7.263183949096924 6.873584139412335
9.495157204189317 -3.1371945536947043
7.783236307104198 -6.278633019039655
9.907418618915935 1.3575920998436422
9.325132749287222 3.6113569760092834
-3.9417127142835335 9.190370007679535
-5.08931403973698 8.608070782988257
-5.352142863027002 8.447163238256328
9.65346870986648 2.6097014901380606
-3.8025220879078168 -9.248828345848635
9.805954745864229 1.9604212613779732
9.74216054756567 2.2561710629859126
-0.5100914458454959 -9.986981862248236
-3.444854366557659 9.387916616225809
-3.969452051634763 -9.17842308949487
-0.21896959527903434 9.997602328375706
-8.609914046068154 5.086195053212011
6.989742393517596 7.151468469640547
6.6727560730244555 -7.4481089136716605
-1.9488013037624912 9.80827066706734
7.586957629654041 6.514451160752863
-4.781730467112859 -8.782656417046304
-9.89925210044595 -1.415912374342575
-3.403767222464433 -9.402891507152296
-9.7737454641086 -2.1151594745589692
-2.305816638976233 -9.730529771159448
-6.843701416718933 -7.291347675073467
-8.507864310000205 -5.255116067474127
-9.993649585839968 0.356325631186768
9.873548278767176 -1.5852584605841873
-5.116613100194697 -8.591872344426214
-6.862698793400741 -7.273469960827226
-2.685482761952058 -9.632662266230367
6.755173681465384 -7.373440752676962
-4.054046975635345 9.141373152833326
4.241232226446906 -9.056044898373033
9.995945513931202 0.2847337045708936
9.979496126434794 -0.6400445785044602
-9.408596135731806 3.3879667582035884
5.593529950217243 -8.289295669477756
5.24343079806348 -8.515070960709568
6.859987692971177 -7.27602699639604
4.6413678544805705 -8.85763537516613
9.835279116541635 1.8075631938386052
5.4971321695780775 -8.353534456156257
-8.67929203332955 -4.966879281820954
9.729795485833112 -2.3089131217656496
-9.95755858620959 -0.9203406989825473
-3.744173299222106 -9.272602995135307
1.3548420078180115 9.907795069229664
-1.7662800484743109 -9.84277678251222
-7.086624457794494 -7.055476865116127
-9.675570091194357 -2.5265279358014636
-9.83102015479663 -1.8305853479099077
1.1810948329833344 -9.930005790305465
-0.48120462276027365 9.988415395398519
9.963487996954699 -0.8537604667233266
-5.063385809742717 8.623347618048115
1.821799702445008 -9.832652024971253
8.959950658129557 4.440640066914196
3.631452923862434 -9.31732524181543
7.812325222678771 -6.242401350049281
-7.339854477241228 6.791651953164407
-9.234654616314401 3.8368156220208354
-1.3675902856370938 9.906043448856414
-9.999997441387404 -0.007153477853185939
-9.480803570122813 3.180308737331411
-6.178394732700731 7.863042574406923
-9.382072020064932 -3.460740471389716
5.545813619390322 8.321295049388937
8.17519493647057 5.759009268155935
4.147682013463081 9.09927106504663
-5.589793568841114 -8.291815715375163
5.558509745296303 8.31281958251507
6.496679342507683 -7.60218110285686
-7.806081175753132 -6.250207730752042
-9.091272274515132 -4.165185281669047
-9.406879002173826 -3.392731560035536
-3.301235167108733 9.439377435585707
3.5305092934165936 -9.356041049990058
-3.110745216384128 -9.503855228208355
-9.493957893292817 -3.1408221089999673
8.876078317837125 4.605999749850369
1.0096962772996125 -9.948895085767429
-7.353183821222488 -6.77721828564728
-6.336449486026584 7.736239907799747
9.535366391102032 -3.0127707824263346
8.400341701626946 -5.425334947808045
-9.999433440722008 0.10644653385828622
-8.34082525603476 -5.516396835643053
-8.114395706674346 5.8443632942780805
9.983489696365126 -0.5743983657457309
-9.00546056714745 4.347606234878259
-5.955171952693128 8.03342560890789
-3.311241394779535 -9.435872001330798
-9.807471969480524 1.95281682905843
2.2238615926200915 -9.749586638256476
-4.930480009188135 8.700021084974228
8.816677174327069 4.718707831991729
-1.3225020375496372 9.912163656875176
-3.1590471239688793 9.487909214813554
9.301974000472162 -3.6705966401308516
-0.010715018567003954 9.999994259417207
9.762885339903637 -2.164733202936255
-0.8658834096689455 -9.962441764992159
-2.220762049195847 9.750293119740117
9.784491044823028 -2.064881351017049
6.598386784135477 -7.514072919991279
-9.952649781270189 -0.9719888535278933
-9.43489674928632 3.314019210913906
-8.65301290796281 -5.012521083709175
4.823820048456035 -8.759609588338604
7.646549288701729 6.444399427057195
7.641099840798442 -6.450859882445908
-0.8862473186202141 9.960650866797735
3.91310163488118 9.202588526881458
-8.481151193991074 5.298119895270752
-2.114630766269829 9.773859868155727
-3.064839737101685 -9.518758185072382
3.8452170669834618 -9.231159499639203
1.3111567355724345 9.913670763887765
9.839932139506399 -1.7820593396149906
-6.794592780951589 7.337132201414974
9.979699195108294 0.6368704539817127
-4.985882052206697 -8.6683897098298
-2.2544685158005136 9.742554680948125
6.533871394939203 7.5702394013924845
-9.165687706388285 -3.998770919790563
4.095538559055523 -9.122859415297892
-0.7248553532564064 9.973694637237273
-4.480600338199162 8.940034709626666
4.886621618764439 8.724730892985985
-1.9976274673254213 9.798442963133837
-4.560900514578829 -8.899336295259022
-9.235915762161014 3.8337788191633755
8.536987924518186 5.2076709935085805
5.457441571040413 8.37951857201116
6.748682523424847 7.379382372395405
7.784424268829378 6.277160090587161
-4.4222842590773705 -8.969024580851393
-5.617448235786522 -8.273105542555278
-8.479728796240645 5.300396168420543