4.140518028939834 5.511166060515105
5.965014917502061 4.737805017213352
5.923642509046089 5.383255157151272
4.179756873430095 4.427984953594028
5.763599373387228 5.645690325901382
5.153557854728259 5.988139658778684
5.447244793616923 5.894411591261292
4.15372334157398 4.467256330489709
4.542053502070226 4.11102024486839
5.288618796023315 4.042555907333461
5.109215894187972 4.005981947620305
5.756470787147597 4.345972517250005
4.032409592254519 4.747475144116597
5.973779569679594 5.227493625569213
5.999968929663998 4.99211712573755
5.915129538834602 4.5968400724869
4.650433817555976 4.0630883264194475
5.790575545613214 4.3876354789193215
4.937889465199135 5.998069276887507
4.564713730099735 5.900292098841433
5.989679222420737 4.85669948810738
4.831360771544474 5.985677843225628
4.017654706579524 5.187076787695961
4.049314977879717 5.310158006048781
5.900035642846712 4.5641837065855535
4.11438001079132 4.535589368431322
4.247007893297504 4.341970451086171
5.96290629821249 4.7301640111795304
5.704297878777194 4.290095430392264
5.266149643352853 4.036068276617504
5.2365237128336775 5.971625716656044
4.144340860973127 5.517539793445674
5.558620363577459 4.170576531923175
4.901935155506909 4.00481997293226
5.738953961100124 5.673755922700822
4.015323831549662 4.825607215499142
4.4535870884731255 4.162484071723574
5.299744311851263 5.954019573967334
5.778693801565177 5.627404146785764
4.533919092880203 4.115257897453508
5.780665465804921 5.624949142330467
4.08690327372759 4.592256982315321
4.476684881288696 4.1478607587206335
5.53317592611741 5.846004392310608
4.716419521047956 4.041051559281038
4.288604326912667 5.70279171616676
5.990254581126882 5.139269036606214
4.090297543331433 5.415260689604943
5.517967550826596 4.144599733288154
5.649458868388134 5.760396724264384
5.859207771179936 4.488373177067498
5.5630344077930625 4.173566544940782
5.975527263646855 5.219878507093529
4.099588234608352 5.435038679595615
5.101951493929307 5.994789371116108
4.038039146427998 5.273187328027903
4.1464011606479225 4.479069081876697
5.865721297705942 4.499473642354033
4.919690908210657 4.003229991534671
4.508105108203603 5.87065459019327
5.163882555832486 4.0135201431890195
4.001443039895187 5.053702862365373
4.782651284905844 4.023905979914374
4.2811414575450115 4.304843617637377
5.914042531159335 4.594381643374174
5.866502421746578 5.499172868961562
4.719114728760632 5.959741352865858
5.56068996966068 5.828025819598584
5.783889112185418 5.620900845382866
5.7975825609120735 5.603209796446426
5.57369981519949 5.819065639640725
5.333503249099603 4.057251049939588
5.9997780910512155 4.978934182807488
4.145713971032411 5.519803213447923
5.75501492044644 5.655707610069652
4.073246971138592 4.624328835953295
4.755843618197174 5.969735871887265
5.330294381529042 4.05612203038192
4.195164867554322 4.406501550481261
5.378563811975303 4.074424805722016
4.001626218883341 4.942993042715611
4.2283405338794635 5.636035901774868
4.409475964180841 4.192979948749814
4.5614077842241265 5.898686190091296
4.033904492314324 5.258184953143198
5.315504627888782 5.948924037940214
4.937186487002212 5.9980252815359325
5.0876036168971215 5.9961554127276235
5.877184954528464 4.519847362238947
4.041842253969766 4.71375930806005
5.284021696768728 4.041182146722011
5.016721781322294 4.000139818759938
4.728207809898501 4.037644033945947
4.004755545440882 5.097408806939226
4.018223291850742 4.809961858208393
5.941183770482515 5.337895117130031
4.4145056671689 4.189323500881724
5.1823951366986 5.983225311975184
5.909105309822835 5.4165663640429065
5.383637700663075 4.07651631599148
5.178635655777827 5.983915292332031
4.112514978013371 4.53916343922233
5.891758956607946 5.452510732811397
4.10858805939261 5.453193945394869
4.007269841576137 5.120361258533345
5.386284447430804 5.922379707969054
5.177164883070787 4.015818815356383
4.022469317908048 4.789206818020972
5.483990334400238 4.1249266566697695
4.978077116523969 4.000240335290478
5.150748219881898 4.0114278103231715
4.132086366931937 5.496715135197827
5.877504609384051 5.479568202146205
5.660520047233838 5.750808409117938
4.544119677481495 4.109958915813195
5.6397622837695 5.7685728464277375
5.129495904262859 5.991579956826047
5.755687602842848 5.654932246045062
4.027322856318541 4.767838043254974
4.946123852782355 4.001452374315084
5.806955323232019 4.409387515956945
4.77215184881425 5.97369667761641
5.324169341409796 5.9459990687574376
4.825333367977924 5.9846276289329206
5.999481710313109 4.967808219223185
5.776214412963643 5.630469019942698
4.002400396082322 4.930753842970951
4.594711988076375 4.085810945487206
4.4986449682825675 4.134758338860401
4.073752877666312 5.376916792367444
4.4804626307165325 4.1455522708099615
5.686232570126133 4.272617803559861
4.691689524013389 5.951285787971685
4.2894176526825545 4.296385952612635
4.741728016960911 5.966072245112682
5.863201655577452 5.5048592891176185
4.6362523856400975 4.068502456767877
5.833320221500026 4.447209435283897
4.132951377993777 4.501776468764161
4.018278259488131 4.809678103712822
5.176657759191534 5.984272338388835
4.107593404729465 5.45123216720182
4.979824685747713 4.000203542367337
5.583150194370906 5.81236435840402
5.721319425718807 5.6926025455343705
5.626949765046581 5.779059684560841
4.000100506271884 4.985822466989772
4.231934432960802 4.359628791458614
4.498467866755135 5.8651390173393265
5.391103006300431 5.920346912018922
4.212562760739616 4.383605163692958
5.8874901065354095 4.539173231244357
5.314978344182797 4.050901141768749
4.001846061010547 4.939265215240029
5.888953595482769 5.457997276278208
5.849499786365232 5.527588962133804
5.838012440407987 4.454348875451127
5.290235183539322 4.043044651911127
5.949731705912643 4.686935011883696
5.980009516847398 5.198950614194905
5.985824417423947 4.8322197329518914
4.01193812207645 5.154057539231897
5.99791644667711 4.935480503323959
5.620508542880714 5.7841996864396545
5.637779151041257 4.229780710123998
5.983643593646946 5.180125735744012
4.624978633685602 5.927016167500698
5.002809552366048 4.000003946800037
4.164121893815092 5.548915104183453
4.7777793620555205 5.974996404132625
5.888433394319965 4.540994440276477
5.974506081322451 5.224361087235645
5.309472171037933 4.0490915000100856
4.082638549364201 4.601944766536877
5.168085172477746 4.014227523820468
5.091915105334733 5.995766846913124
5.768376347409305 5.6399982724523055
4.992683790453283 5.999973236180783
5.270835780914441 5.962625565719333
4.427169831658636 5.819674080496635
5.916170793590592 5.40078806989678
4.783783983620466 4.023654449356702
5.665166477742133 5.746695089637078
4.185504046086823 4.419830765156352
4.931322166772684 5.997638890191837
4.701160671102422 5.954303439951908
4.338602429342481 4.2499644984880165
5.861137214495136 4.491627402576064
4.996066796069516 4.000007735076495
4.139691892060416 4.490225579875361
4.208808607125792 4.388431377651068
4.841713782981603 5.9873932719550025
5.5757575449441665 4.182379519923904
4.028088740229093 4.764652378107345
4.728988082391552 4.037424007927586
5.272531422672907 4.0378531174213155
4.263541257652871 5.6764824615764145
5.101199745304956 4.005133872548567
4.919421510901761 4.003251733337526
5.487492618182198 4.12687289171744
