39.7604 42.2898
17.2999 26.8341
16.4997 27.7537
38.6333 9.42946
17.5742 8.34705
36.9829 21.9464
58.0361 7.97267
50.1574 47.8511
55.0399 53.9743
17.3915 55.2481
17.5397 58.2518
53.0203 54.6108
54.5313 38.5524
29.5269 29.0067
30.0461 28.8673
19.6178 75.366
21.928 77.836
66.2914 25.0234
59.2092 22.5436
25.8867 33.2294
24.4505 32.9367
18.7022 65.7352
14.3521 71.344
58.5305 62.0509
53.0655 60.069
14.2202 42.3127
12.597 41.2366
9.6536 1.88356
0.550541 6.71547
52.702 45.2205
62.17 52.5187
60.3569 62.0594
60.616 47.8283
64.1586 9.79596
57.6603 11.4431
58.9209 5.38638
59.3674 5.89923
51.8226 52.153
50.1737 52.1576
6.7831 68.4474
9.12779 66.2406
69.546 38.9011
62.2372 43.8935
25.4147 59.5619
21.8556 61.8438
37.2347 32.3402
16.5471 42.2437
0.468195 39.0876
0.777903 43.7283
15.6893 72.7348
10.8365 68.4399
19.6046 34.0503
21.6149 31.262
61.7065 10.4596
60.0184 7.75488
20.472 53.9376
15.4596 50.1496
12.8276 35.4594
6.31091 33.2561
24.6421 53.5311
25.7834 51.6892
10.272 40.9493
0.956056 34.2217
54.3921 53.4986
55.1043 49.2157
62.3873 31.4083
67.3231 32.287
67.8993 40.9579
66.8954 37.6674
5.69132 82.007
4.14118 72.4542
39.5021 74.8598
36.326 70.0254
24.21 38.6551
34.1526 38.1814
56.8867 21.3628
57.7478 22.5401
60.3173 63.3212
57.6127 61.1671
63.7271 13.7889
59.4982 20.3384
2.00878 3.193
0.639032 0.853794
62.2227 52.9988
69.0414 47.9543
7.2317 38.7602
6.385 40.9734
0.276377 22.6691
1.63024 9.9663
26.8999 20.9013
28.5996 26.4743
62.666 65.1957
61.6236 63.1793
5.84019 0.156972
4.73143 1.54349
53.4606 65.3388
52.2147 70.0503
28.1304 40.4822
23.6753 38.587
17.5153 69.5442
17.5344 53.2559
6.34303 88.648
3.32294 88.7787
37.7988 47.6322
37.4189 48.5026
20.7962 79.4746
20.7507 88.0903
23.293 33.1544
27.5857 34.7668
61.2962 29.5228
61.5052 24.1893
16.596 32.1702
15.3994 31.3209
38.1587 27.8527
37.2413 30.9787
20.68 6.86339
29.2769 9.3754
53.3766 47.3549
50.5749 49.141
15.1387 44.3866
18.1386 41.8484
67.9323 39.5027
67.1555 41.5261
61.3824 25.1099
60.1436 26.1625
57.1977 21.6623
56.5955 24.4603
57.2903 73.2309
56.002 73.2117
15.1468 37.1347
13.3773 34.3246
30.3474 68.6787
38.4195 68.7417
61.5026 42.8235
62.368 46.9751
69.737 16.6767
69.4393 16.4548
36.4958 10.9738
35.324 12.5201
4.05564 49.2944
1.27946 48.6488
11.7183 54.0256
13.3408 47.2042
25.4906 61.8429
21.861 73.5035
19.1605 1.76712
19.6866 0.206263
27.5163 83.7889
23.0832 79.5087
33.0013 65.121
33.7223 67.2208
54.3599 7.56766
56.038 5.82775
60.6777 49.6007
66.9437 44.1858
37.1723 45.0946
29.8695 41.6912
30.8693 64.2942
39.658 52.7199
66.6955 48.0187
67.8607 45.5933
26.7519 84.4646
27.7688 88.5366
8.81325 73.2816
13.0535 74.731
37.4693 28.6323
34.5692 19.0613
27.5048 82.0258
27.9994 83.4886
60.8956 9.66457
65.155 8.75947
18.8247 12.2
20.3621 25.5018
6.70764 4.9627
7.89973 10.605
6.97226 14.2465
13.63 24.4921
53.8035 66.5517
53.5591 67.4082
35.3128 63.0621
34.9603 61.7935
55.7896 8.23428
56.9629 9.77024
15.1956 7.23974
11.4516 8.63844
13.6984 12.1353
10.6236 11.9765
5.22394 73.5947
5.89797 69.4707
67.8371 8.43107
64.7738 6.36373
52.9879 29.0637
39.5424 32.4673
15.2207 64.9363
16.9275 55.1514
51.7224 57.6392
50.7682 57.7137
7.85391 41.4618
4.19708 44.0162
27.5885 10.303
28.8574 10.4283
55.9598 53.6175
57.3921 52.8331
58.892 58.8449
58.7027 58.6887
24.2862 41.8202
24.8647 43.8225
60.8984 69.0186
60.1643 67.9652
9.06007 40.3841
9.25753 41.172
59.439 41.8365
59.3223 42.9559
35.7265 9.96244
34.9945 9.04326
52.0722 5.81821
37.1074 7.77905
64.9174 57.8569
60.6748 57.8623
57.7867 55.9922
56.9105 55.1817
55.486 42.4743
51.794 31.1669
25.7942 66.6252
27.1586 68.2956
19.6566 12.9943
24.3035 13.5702
14.1863 51.8759
12.5845 53.066
64.4551 71.3523
66.8737 69.2488
52.1751 50.4449
53.6846 52.5016
56.6 13.1104
50.1845 14.1065
17.6431 42.4661
17.3119 48.7022
57.7321 57.5559
57.606 57.47
25.2569 58.2629
24.1884 58.3128
56.1499 72.3777
60.8606 74.7751
68.0382 24.095
67.1982 25.4524
33.5603 34.5763
31.3664 39.4791
36.6521 71.6238
38.2202 68.6926
26.357 88.4622
26.9653 88.7185
66.3646 66.8537
63.9325 62.098
68.1286 38.5015
67.0888 37.2305
50.453 74.0101
51.6116 72.1108
53.611 37.2695
52.4922 37.2563
18.0584 5.16531
24.9055 3.56376
56.7038 48.633
55.7543 48.5836
50.0131 54.5777
53.3467 59.7163
17.8198 86.8547
18.2561 89.7407
62.3063 31.2314
64.4952 30.4045
62.1574 6.63084
62.147 13.7427
10.5597 17.5777
11.873 19.0951
22.0141 22.3916
15.3299 26.5592
60.4605 37.1738
57.3799 41.2357
16.8131 67.0751
16.2487 65.5654
9.53618 7.44976
7.91553 8.32872
31.3175 64.1792
30.6441 62.4096
26.284 26.0278
21.0923 24.3798
67.2222 24.5797
67.1919 24.9411
67.1497 42.0083
67.5127 42.4425
52.3562 20.9816
52.8369 20.1893
5.94856 54.2461
8.69077 58.7905
3.8987 21.6875
5.91994 20.8216
10.0862 86.5273
7.82647 89.4786
67.9263 46.5033
68.6874 43.7178
56.8011 36.0027
56.399 35.2451
68.6281 60.264
67.0887 59.4527
52.6436 64.4769
51.155 64.3936
53.6058 30.9413
53.3343 29.5251
66.6401 6.26591
66.2355 7.49088
60.6435 42.8531
64.0762 49.8771
26.111 72.111
26.2401 72.3094
29.1965 69.7582
27.6524 72.7266
16.9998 85.5061
17.3056 87.6843
66.8333 26.3093
68.256 25.8876
53.9524 10.3695
32.4193 1.87005
9.68715 1.8379
12.6379 4.88032
63.8718 47.5871
65.1485 47.3655
62.3831 41.0968
64.4243 42.1251
53.843 38.0772
37.9325 34.2961
15.4348 13.4679
12.0194 12.7193
1.69233 89.9386
1.36082 87.9119
54.2701 9.06536
53.6174 7.26138
60.86 63.2333
61.0011 63.7359
25.5544 54.0774
27.6815 57.2906
24.7465 0.755271
23.2492 0.542663
67.4244 11.678
66.2041 13.2179
34.8066 55.1296
35.1727 53.472
6.27197 22.2141
2.69359 25.4513
69.1388 54.2034
68.5509 53.1635
59.7843 23.5475
58.8809 23.334
62.6132 65.6855
64.1772 66.532
64.4401 54.7046
66.6454 54.6837
58.9738 13.3273
58.6652 13.2666
23.8593 85.2351
24.8049 84.4235
57.8782 63.6039
56.7127 61.5995
18.2206 59.1865
18.9206 60.0808
22.0199 44.219
20.5533 43.9751
37.5356 34.9873
32.9848 41.4348
29.2505 15.0997
26.8653 25.1582
69.2029 6.9897
69.9109 6.56902
61.9847 59.883
61.141 59.5658
55.0107 37.2239
56.8292 36.0726
3.93656 83.7354
4.06016 82.335
6.61336 6.26595
2.41335 8.21271
67.1752 8.19412
65.9245 10.4748
64.4172 49.3018
64.8576 48.1896
23.3477 17.4154
25.972 16.3985
4.62546 55.6892
5.66022 61.5793
36.5951 76.3791
34.6729 74.7543
36.1434 36.5361
34.7885 33.51
62.0765 22.4383
63.5159 17.3585
0.235864 54.4964
1.14984 54.636
10.4954 20.5778
11.6592 20.4482
63.0273 46.9717
63.8896 44.6648
11.317 50.3283
10.8475 51.0506
1.85566 32.3292
4.0593 30.702
57.3214 67.2225
58.8391 67.5179
57.0524 60.1702
57.6028 60.3193
68.4291 66.6312
68.082 67.1969
65.8946 73.3337
63.2878 71.5758
14.0607 74.2229
10.4445 76.9683
18.5646 37.4482
20.4075 35.4832
64.1898 23.7529
62.8377 24.5682
21.9012 3.87198
21.8814 7.6841
61.6734 63.027
64.3354 63.9668
50.3631 37.1226
50.3015 39.1292
64.1553 43.8088
62.2281 40.246
3.02111 67.8599
1.37991 63.057
59.5254 48.1242
60.504 47.095
67.1402 32.4126
63.017 30.373
60.5329 41.9098
61.7738 42.0498
8.93735 16.0737
10.3077 14.5678
64.6284 23.0755
63.7118 24.735
15.8369 51.23
15.4837 49.2929
59.296 54.4197
57.0887 53.9006
51.7061 69.4609
52.6995 66.1729
4.72957 68.3581
4.2937 70.1826
53.7324 13.511
51.1495 12.4326
0.808391 10.0743
2.27899 10.508
19.2454 60.6005
21.802 58.3379
14.7257 70.1611
20.5274 76.6205
53.4232 23.1188
51.5906 28.0163
65.3278 24.3735
63.5194 28.7619
66.2753 58.9493
65.7139 59.5337
57.1864 36.6891
56.9181 38.0506
28.7502 88.13
34.1265 89.4339
68.3651 68.5322
67.9561 68.1643
57.6369 5.43249
59.6503 5.36931
55.8466 60.7269
58.9903 59.3851
10.3535 34.4533
11.4217 32.6151
35.9224 11.8582
39.5417 6.6959
64.6104 57.0244
64.633 56.5841
55.0419 37.829
55.9878 37.9614
58.8066 69.6456
54.2303 65.5842
69.4572 7.47718
68.669 9.37473
31.428 24.1176
33.5329 23.1005
32.4966 67.2214
34.6371 69.9261
61.2069 67.682
65.913 62.0481
67.5501 71.4408
67.6005 71.4264
58.2042 17.5841
55.7314 16.9751
61.7624 35.5919
60.1657 34.1171
56.7304 31.5315
58.0967 33.0797
12.189 23.1592
10.4589 28.2587
64.5625 42.327
65.9375 40.9898
67.4644 33.7425
67.49 31.2442
54.4176 37.2898
53.2861 34.4076
23.5348 24.4454
22.3964 25.7229
6.64566 19.955
5.99828 17.2415
54.6519 43.3723
55.375 39.6793
21.5592 88.3424
21.5081 85.3291
22.7801 55.652
25.3815 60.1502
3.40515 43.353
7.40721 45.9935
0.489276 67.4635
3.53732 68.1305
66.8097 65.1371
66.3917 65.7942
30.0034 11.1374
27.0951 11.5768
9.18704 62.649
6.47393 66.1083
31.9312 77.4343
36.1725 76.9866
24.52 44.7603
22.6019 44.3645
53.5084 22.2832
53.024 22.5395
50.0786 49.286
50.0378 51.3458
63.0156 73.3774
62.3034 70.2707
27.2495 77.9538
30.9641 82.1738
8.9517 42.4903
11.4314 44.2702
26.5377 39.6595
28.8347 37.3091
64.981 70.1302
67.1596 72.7606
15.8444 85.4733
14.5916 87.8561
4.41809 16.9774
0.541095 16.2792
65.2553 71.2985
63.4118 72.9614
39.323 46.9455
37.778 51.0736
55.7557 19.5907
51.4315 26.0007
28.0681 51.1083
26.7803 52.6969
36.3891 20.0532
37.1942 13.1216
57.2073 45.6804
58.8191 45.6373
51.9218 29.4724
50.4218 29.5705
23.0599 48.6643
20.8357 49.3991
21.7222 11.4293
18.9365 11.7679
2.82538 57.457
6.50079 57.7795
19.659 17.425
20.475 17.4416
51.363 32.6706
54.6578 33.0499
65.0098 40.6241
64.6844 39.875
1.18323 33.3537
2.19268 27.0943
67.2676 15.8953
69.2865 18.7719
50.8885 27.1511
51.8148 23.0152
55.8495 30.6881
54.6371 28.9913
57.8622 51.1535
56.7047 48.8575
63.3871 25.8609
60.7797 27.2872
56.6231 12.6164
56.9961 12.8036
37.374 1.8933
50.0955 10.8347
68.3651 35.7003
68.3808 35.5712
60.5057 56.1709
60.4018 55.5078
53.9318 40.2627
51.3041 38.6764
60.164 24.8866
63.3995 21.6734
66.2198 71.8329
68.6639 73.9759
35.9454 12.9236
33.9824 12.3837
68.8078 54.5431
67.3714 58.346
61.6651 32.4323
60.5039 31.0837
20.447 42.3745
23.3276 41.9966
68.7006 71.2781
69.7402 67.1627
35.3838 21.4248
37.4704 15.1071
7.42358 3.7261
9.09046 5.4034
16.6112 64.668
16.2338 65.1331
36.2948 62.1416
38.3666 64.0829
10.3067 85.0407
13.6705 85.2768
19.9938 80.4753
19.8149 81.9418
50.5206 72.1411
51.205 63.9834
39.9255 23.0553
39.8408 36.7506
20.7426 23.4639
13.7125 15.5738
26.1259 32.5068
32.2515 34.8371
2.33154 44.6515
2.8566 45.624
19.8446 3.53763
17.643 9.45045
57.1544 8.58276
57.6729 9.00921
58.9753 9.68287
59.1771 10.511
68.1668 13.9142
68.2356 12.3662
35.6515 67.2536
33.5309 65.828
68.5022 32.0356
68.5052 27.2804
34.4951 6.14863
33.9566 8.72081
21.2287 28.3594
20.9713 31.8868
53.7089 9.4867
53.269 7.84188
3.24974 5.73808
3.11544 5.35509
65.0626 13.0846
63.3219 15.7823
26.7188 45.3269
25.9529 40.522
29.5951 41.0473
30.0872 38.085
28.8397 51.433
28.416 53.2121
37.5018 44.6737
37.3507 39.578
53.1626 18.1794
50.5763 20.3293
56.4697 47.4098
54.8966 47.9835
9.60364 17.5095
11.8246 17.3096
63.0588 49.6062
64.0014 52.1153
55.9901 45.6303
54.8886 44.4366
50.3268 25.1256
50.5684 28.4454
53.9733 72.1035
53.5354 73.8559
38.8035 72.9511
39.7734 72.8452
62.9365 17.6657
65.1885 15.8621
29.9645 7.97144
24.7144 7.02662
10.8793 47.9483
7.31061 48.2266
6.69705 68.2624
3.93774 66.69
62.3274 8.90394
65.4474 7.58094
60.414 53.0606
61.2739 53.0951
51.2112 61.4674
50.9959 60.3439
16.8514 29.6903
21.415 33.3703
27.4999 75.4524
31.4153 74.229
58.2813 63.7575
58.3585 63.7882
16.1863 4.92829
15.4686 2.86824
62.1186 54.2385
61.3229 53.779
3.63692 86.4626
4.30262 86.8874
54.6407 51.2924
55.0138 49.7557
16.6154 78.6785
13.0478 76.7763
64.6223 18.8667
65.2128 18.4078
61.0023 28.9728
63.6406 28.9473
56.0597 43.9992
56.1185 44.1878
62.298 28.571
62.4103 29.4349
61.4933 19.898
61.9079 21.0783
64.7203 36.1834
66.6304 34.3915
54.9991 30.9129
54.1893 32.3111
65.024 51.9593
68.7982 51.7751
59.7781 56.1512
57.8117 60.0445
60.0204 69.2249
59.6129 68.4295
59.3518 21.0662
60.8803 17.7502
31.6741 29.9983
36.7204 31.8505
55.6265 15.0082
55.5215 16.4202
68.2443 58.2354
69.9598 58.2679
9.13431 37.3398
10.5164 30.5386
0.437907 44.5911
1.13362 36.7084
69.1275 37.4735
67.4287 35.5536
5.94194 0.669999
4.56213 1.62094
54.5792 62.3932
54.3532 60.802
26.8467 62.0353
28.123 65.3422
54.9371 11.5845
60.2403 11.7153
25.1881 88.6952
25.1909 86.924
26.2294 50.1984
25.7549 52.0284
24.2033 20.9214
24.3883 13.8925
29.4084 2.88459
27.2656 2.72154
4.87892 39.4588
6.10927 35.817
50.765 35.4276
50.2739 33.8543
51.7215 74.3505
52.7806 73.1487
68.8139 12.2487
69.951 11.6041
3.09027 80.367
1.66137 77.9338
10.1827 61.2354
8.92802 69.5243
34.9534 1.41084
33.1914 4.31565
58.5147 54.5012
58.6007 54.7998
36.1493 49.3791
36.6626 46.9734
35.9475 47.5387
33.6909 51.8914
60.888 41.1513
63.047 40.3421
28.1936 56.7115
34.34 61.117
37.8574 18.0728
35.2399 13.7463
27.3272 9.77738
26.5313 9.24164
61.3497 9.81977
61.3556 10.3123
56.7625 51.2687
57.8831 52.4107
50.0203 65.8133
51.8267 67.2848
61.691 16.602
61.4287 17.4553
13.2975 54.2638
10.1974 53.1674
30.7725 2.56726
32.1876 8.5862
61.1976 73.4009
61.1446 74.1319
59.5426 9.27981
60.6709 6.84651
53.7253 40.2545
50.9722 39.1905
30.7249 65.6249
32.4039 64.9564
53.2102 16.2043
52.6345 16.0705
8.98786 83.7611
10.5933 83.0257
4.63288 10.1003
5.84419 7.69233
55.1817 37.2639
55.7514 35.9333
19.5274 76.9702
19.3883 72.7564
55.1426 43.871
53.94 44.0016
58.5618 58.0321
60.8551 58.1332
64.103 21.0954
62.9119 19.4194
6.05048 4.78099
2.74561 3.70408
50.2002 22.8336
50.1358 24.3461
67.2312 66.2726
69.0568 63.0016
16.5587 16.2972
19.4706 14.9026
32.4257 8.77013
32.2703 7.20863
52.2856 5.9913
52.2214 6.10836
31.7937 22.2864
28.1818 21.0325
38.0434 0.940861
36.7873 0.713999
7.09563 27.4657
4.45699 28.9676
56.895 19.5795
56.3907 18.1328
33.9801 82.6637
36.4218 78.8732
69.2337 21.6825
66.9784 18.6021
65.1821 73.4298
62.238 72.0347
60.9764 58.7878
63.5685 59.4476
16.1827 42.013
17.0165 36.907
60.4611 64.1078
60.4174 64.0957
50.654 16.7851
52.7707 17.1004
58.814 30.517
55.2195 26.6615
25.3821 75.9653
26.5864 76.3116
59.1901 52.3227
57.6377 51.7843
67.5298 53.3354
64.0836 53.772
51.7125 20.0382
51.3391 19.4878
15.8371 23.0453
14.3445 27.6303
53.7969 69.0548
54.7001 68.7785
14.104 76.5542
6.67551 74.7134
60.5145 6.5073
60.6265 6.48247
14.045 61.8025
16.4218 63.1171
67.1432 68.8768
66.4894 68.8561
1.11498 85.1221
2.61562 83.2964
50.5664 51.5158
51.0748 49.259
25.4243 20.5978
24.9279 19.5927
39.1887 36.7015
39.6872 36.8915
38.9572 75.6669
37.0143 78.0386
57.1884 20.0077
53.8197 19.8746
22.1517 74.5109
24.3659 78.3908
8.57411 26.0197
8.33106 26.7497
67.8707 61.3745
67.4482 60.5209
54.7761 23.2445
55.3099 26.2954
38.7089 58.9441
50.0468 62.3933
54.0999 55.9038
53.9167 57.7073
55.1824 56.4532
56.3298 55.9679
63.8821 39.2872
64.7254 40.0503
12.0765 49.9797
14.6355 45.6976
55.8416 71.6732
56.1211 71.913
51.5318 35.2441
51.337 33.4683
50.7757 69.895
51.6651 69.7599
61.4026 49.9269
61.5434 48.8691
58.1988 71.7624
58.4644 74.3234
52.9768 65.1394
52.2559 64.6071
4.12159 79.1908
4.11905 74.8227
53.2235 41.0712
55.0682 42.4542
65.3498 18.839
69.4648 22.0965
35.4942 65.7295
35.3528 65.2285
58.9256 49.7661
59.4559 49.7977
61.3542 38.8081
60.9187 40.8918
19.4951 68.9011
25.7989 67.6826
55.9473 50.3455
55.6178 50.4264
26.0249 10.9503
22.954 8.54325
11.503 41.2214
9.69445 38.8256
61.2474 11.3762
66.7688 8.62472
32.2475 82.7926
32.4501 86.7441
9.97872 79.9592
6.52379 79.8716
11.4709 81.8973
10.0968 80.1073
54.3176 10.546
54.9523 9.46748
27.5235 85.6987
24.6289 80.5654
53.4451 48.3184
50.7753 45.0057
8.23866 55.9937
6.78864 53.9881
55.6954 14.7403
57.4691 15.275
35.0926 77.5185
36.799 79.416
68.8355 51.6158
68.0757 51.1591
30.3359 46.9493
34.1551 55.5458
15.7747 74.3846
18.3505 78.6017
55.3935 51.3492
56.0802 51.5252
14.3654 3.15423
14.9605 2.36354
30.2959 68.789
29.2431 68.9624
27.603 19.665
34.0264 20.2579
22.6245 28.9111
23.9316 28.3585
62.6471 37.7556
65.4009 38.0772
2.00275 36.1333
0.205466 34.0579
50.6369 6.58476
50.2296 10.9049
10.8348 66.0132
13.1674 60.8858
53.2478 58.1112
53.9426 59.3585
2.76871 44.227
4.58183 44.8961
21.9841 33.4374
28.3429 35.1923
17.2344 1.5273
13.9009 0.134468
54.1298 64.3919
55.831 59.0341
20.9301 64.2744
19.6723 67.9659
53.7557 28.1437
54.783 28.4887
39.7604 42.2898
-1
