25.475320366434037 25.0
3.934498760770893 3.0
26.0 25.57410236216931
3.0 3.411265843787389
10.0 10.394320193770959
3.9219370504306106 4.0
1.0 0.37508592241053784
4.0 3.239763558386812
10.76325897809862 10.0
1.0 0.1652939634021362
25.600718401313973 25.0
0.0 0.04117618452876459
4.0 3.541315435650665
0.5794971658124062 0.0
10.0 10.308166854843856
25.02363892989391 25.0
3.9991980817439554 3.0
10.0 10.09020207341768
11.0 10.451710152481782
10.180129580387813 11.0
3.1324901304529513 4.0
0.7901972576711376 1.0
3.959444096760161 3.0
0.3915139650875492 1.0
3.0 3.834740397998303
25.981376513759482 25.0
3.0 3.5744871210262588
3.0 3.4061337687793447
3.0 3.5634080240395822
26.0 25.36796021616897
3.732078468145393 4.0
1.0 0.7711865151566656
0.5206352905639628 0.0
11.0 10.864123915521917
0.47439877311763323 0.0
11.0 10.190305410740212
10.548719935065497 10.0
10.0 10.924517060300358
3.0 3.7650935624114203
25.0 25.532653969203434
0.41305276690256354 0.0
11.0 10.509354386625432
10.0 10.32051096713041
1.0 0.6370350523208216
10.159196207423912 11.0
1.0 0.621510473777294
10.0 10.787920963302074
3.1281066382772904 4.0
3.3449586395600623 4.0
0.0 0.15783051177688434
26.0 25.620863910267964
3.0 3.0572047686296613
26.0 25.478487597158658
25.55524874702936 25.0
3.0 3.6313558963139165
0.49412644415219886 0.0
10.195007855708326 10.0
1.0 0.5904017424419886
4.0 3.4832993601379485
10.0 10.276121478200448
10.0 10.112392444557864
26.0 25.15155607028607
0.7858117355006554 1.0
4.0 3.257377717663832
4.0 3.346430944170634
25.639246737151698 25.0
10.0 10.76253477960985
10.029063221941358 11.0
3.0 3.5019872856578576
26.0 25.543995739168427
0.7612546614856243 0.0
10.700818687193976 11.0
10.0 10.036317391238924
26.0 25.313191037997193
3.569218313783409 4.0
10.0 10.106980166866055
11.0 10.411493375943195
3.0 3.836612587698645
1.0 0.5030504687746604
3.0861062704845796 3.0
3.0 3.4310238864754363
10.397030059168838 10.0
1.0 0.18371960163771084
3.9067436012346715 3.0
25.41392966589759 26.0
10.0 10.604602542374606
10.0 10.449618812763962
0.9458374035238866 1.0
25.0 25.378099855815098
0.0 0.27984123953154383
3.038873889857509 4.0
25.0 25.150659128983932
25.0 25.841517774417376
10.0 10.129305864823593
3.0 3.5635153913701494
0.0 0.8752997562273162
3.0 3.4854155886659104
25.0 25.762526179006162
0.45403373808748293 0.0
25.10856212564331 25.0
3.4892545538366075 3.0
0.7696984204303526 1.0
10.209815777532048 11.0
0.0 0.15984400059293102
1.0 0.851010417833769
11.0 10.52459717567185
0.1686291041214215 1.0
0.6157032826813593 1.0
10.637606936335784 11.0
10.522963060867987 11.0
11.0 10.62451439557728
25.292700321336532 25.0
10.0 10.888722231764493
4.0 3.2066579550098444
3.210473457432591 3.0
0.7675548755234243 0.0
25.0 25.769154650362488
4.0 3.4297949385386284
25.216796406893106 25.0
0.8038030416623009 1.0
3.9231454885243737 3.0
10.0 10.01258903889078
25.77158140757988 26.0
1.0 0.1185100207292692
25.0 25.591323776588435
3.673051627531585 4.0
4.0 3.6490320700082473
25.0 25.802666325739168
3.5369915124448523 4.0
3.0 3.6333939222766114
3.6939123757518977 4.0
25.204496157287643 26.0
25.625954836655197 25.0
3.4880887243328726 3.0
3.2434407375169947 4.0
0.40346698894040844 1.0
1.0 0.3163474327675714
25.0 25.72478379782082
3.248387962970193 4.0
1.0 0.36308643213289316
0.610221057114811 0.0
10.0 10.9509833803554
0.0 0.7635554243435081
3.854215433009295 4.0
3.932735042253781 3.0
0.9262520945929946 0.0
0.13513892019376095 0.0
3.9611277923200787 3.0
10.0 10.397501348967412
3.0 3.8091033346341723
26.0 25.053787149613797
3.813191485185305 4.0
0.4949016581775185 1.0
10.226742166052452 10.0
26.0 25.990533130215788
0.6969545818608022 1.0
3.0 3.607793242393693
4.0 3.396094554324974
10.313080193488428 11.0
10.0 10.840616580910838
25.989548238863783 25.0
25.0 25.43227977261283
25.0 25.403859725879485
10.045168093770524 11.0
3.062906775958037 4.0
10.709081270730984 10.0
25.4525880652109 26.0
10.951347884879635 11.0
10.0 10.258721002497486
4.0 3.246769934855006
10.066636013839293 11.0
3.7083751894424903 3.0
25.0 25.490168000253814
25.0 25.21376161127737
4.0 3.6819158971697776
10.591669816165128 10.0
3.011170285589305 3.0
10.498509808883245 11.0
0.06340100568869156 1.0
10.609370184933464 11.0
26.0 25.799865607143413
4.0 3.6013974833206683
0.0 0.7625290053034279
0.13026486958982353 1.0
4.0 3.196166723169281
1.0 0.7608247818433521
25.0 25.615488693553612
0.5379198341792181 0.0
25.85477030143591 26.0
3.0 3.3284443990813948
10.039307426987982 11.0
26.0 25.358787443395766
0.20388223112970483 0.0
3.1078898319825736 4.0
10.852018696595074 11.0
3.663568655245687 3.0
25.0 25.729060740111787
0.0 0.5700672150381192
3.445425613151793 4.0
26.0 25.632997100694435
3.4647866397998697 4.0
10.55760390992117 11.0
0.007900585349007505 1.0
25.7292702447057 25.0
0.4258075053587762 0.0
0.2385799441652695 1.0
3.29121836767458 4.0
1.0 0.015819503897736897
10.600857042268915 11.0
10.660023398771221 10.0
25.0 25.27696348207805
25.37460469658796 25.0
11.0 10.33129477017947
25.240957832639857 25.0
25.0 25.134726953145538
26.0 25.078817684407646
0.9178303227059845 0.0
4.0 3.935612435572543
3.5372731712500443 3.0
25.463283224987887 25.0
3.017907574844742 4.0
10.161298210449049 10.0
3.7815785532547137 4.0
25.124102355218145 26.0
0.0 0.18722775390013058
10.456535185476637 11.0
25.302486442332278 26.0
4.0 3.724528502740759
25.0 25.38823780469224
25.0 25.043444279958106
3.3045510632567687 3.0
10.826035233877686 11.0
26.0 25.940213608083337
10.322866323091752 10.0
25.859546749094406 26.0
3.0 3.9303027680302947
0.9343219313987642 0.0
0.507359638174265 1.0
0.20168201879393644 1.0
0.0 0.8713164641861595
25.0 25.061321132044085
3.0 3.3588539576100036
3.0 3.7401150514647723
25.740147419756262 25.0
0.9951769356405104 1.0
0.03987554598313592 0.0
3.8111563014608922 4.0
25.0 25.75452694472738
0.16572235313075578 0.0
26.0 25.084563464948094
25.0 25.958547436099224
11.0 10.17030803771145
26.0 25.137540091655914
0.9461742856521306 0.0
10.538080156502264 10.0
4.0 3.4330693306204516
4.0 3.5113346569344506
3.882906858568122 3.0
25.0 25.983308855574414
0.7092765359456951 1.0
10.117870010079786 10.0
10.392855056799458 10.0
1.0 0.47718549852231185
3.0 3.754944192900491
3.0 3.9906150637033226
0.0 0.21761513954500644
10.618764694147318 11.0
25.682153283770322 25.0
0.32974521469096874 1.0
25.33737018251365 26.0
10.0 10.83965714497693
26.0 25.076718458815037
4.0 3.2557770011235463
25.0 25.34658009190527
0.0 0.5053818081636954
25.303949313136105 26.0
10.0 10.203002824536703
10.0 10.738388237164042
0.43647121395529476 0.0
0.743299922497032 0.0
10.895097086937657 11.0
10.0 10.052042657902113
1.0 0.8327294039154972
10.0 10.202200390836875
25.645871284986967 25.0
0.0 0.4885442734110387
11.0 10.824512705653914
4.0 3.1594336190504544
3.9201207577822568 4.0
10.0 10.833048420447383
26.0 25.036018667250936
11.0 10.192595341226484
0.057604974831314215 1.0
0.7639315637359785 0.0
25.0 25.943958962752706
0.0 0.03443587987298391
1.0 0.9805546423573468
25.535490241504334 25.0
4.0 3.9611501391094834
10.52300104740932 10.0
10.4098440682866 10.0
11.0 10.875867879195559
0.0 0.2588379482991726
10.82005744217793 10.0
26.0 25.88064681882979
10.0 10.218742214003393
10.141871647818768 11.0
25.399161222179 26.0
25.05481327907113 26.0
25.29535725964445 25.0
10.157479646186468 10.0
26.0 25.630237653618703
25.99664210738947 25.0
0.03681262252961859 1.0
10.0 10.58975742206545
25.686089912294058 26.0
10.851900725940427 10.0
0.7012891603679446 0.0
3.0 3.133305185075052
1.0 0.5450987000216928
26.0 25.967712135480934
0.0 0.5954412923180763
1.0 0.5841700248974164
3.08075093534568 4.0
0.7592736042864598 1.0
3.0 3.5586574977468146
3.0 3.933778823009106
3.414844667827065 3.0
10.0 10.002030213061428
26.0 25.51937379307579
25.547158036544246 26.0
1.0 0.24912491647616097
0.5390397765426214 1.0
3.694325506354243 4.0
3.0695608595800987 3.0
25.0 25.55665464781939
11.0 10.186990670463082
3.353438113464614 3.0
25.859364136087486 26.0
25.58520338878914 26.0
0.0 0.6064074035692606
25.0 25.85551848773226
11.0 10.61086461208164
0.47591073135748196 0.0
10.357563006617886 10.0
25.210561170501546 26.0
11.0 10.191905443060033
10.0 10.381748908811275
10.40073965568818 10.0
11.0 10.580140738337542
0.059689023583879175 0.0
10.0 10.295984747741175
3.0 3.35250144594463
25.02299378149673 26.0
3.0 3.201798072186481
26.0 25.19189303370467
3.0 3.0896000704411426
1.0 0.5237304478056555
1.0 0.1443614369258045
11.0 10.512636922172186
26.0 25.882198789107903
25.56764113998666 26.0
10.0 10.413894138963308
25.32142683916982 25.0
4.0 3.572095107613927
3.4425578219865836 4.0
1.0 0.43196539270083745
1.0 0.2920018123987982
1.0 0.6336457628786872
25.0 25.19523665197395
10.465126593736942 10.0
3.0 3.7153637661174623
10.0 10.185622789344151
25.0 25.80540711368121
3.694214855505403 3.0
25.0 25.816281434052065
0.0 0.44414795415608044
1.0 0.8489423689438866
26.0 25.723982841461936
1.0 0.24783358901450137
25.383039506971873 26.0
4.0 3.3912464077838855
4.0 3.470124337146654
4.0 3.9343244129441564
25.0 25.971879166877837
3.6178575452691932 4.0
0.7506517690070328 0.0
3.3282136035432313 4.0
4.0 3.7629499868729686
1.0 0.1394836080801658
3.0 3.206229783049553
11.0 10.147963699469868
4.0 3.365946303397622
0.9915564068024291 0.0
3.0 3.356153309867656
3.291766256841273 4.0
10.0 10.640855053618797
25.11805438429859 25.0
10.715203942340416 11.0
25.423865904562533 25.0
3.484447012699184 3.0
3.81426735581191 4.0
0.42304864144334975 1.0
1.0 0.6155063506898446
25.816645880044042 26.0
25.2022392248973 26.0
3.0 3.565249799051472
25.776286292893047 25.0
1.0 0.9451902238960003
25.251058162486988 26.0
26.0 25.670422055099678
10.562308725794315 10.0
0.7351935119927423 1.0
0.45620882204503077 1.0
11.0 10.984298859674315
3.0 3.798229154656611
25.45902927531759 25.0
10.14032410589069 11.0
1.0 0.22579018117572336
11.0 10.846336891782816
3.532723395910182 4.0
1.0 0.7058729840474635
0.8848670843916012 1.0
0.6970234804388962 1.0
3.4364760523132087 4.0
10.0 10.196101316235895
0.0 0.008946692324117711
4.0 3.455811113492821
4.0 3.556653527222025
25.9716223767116 26.0
25.388360495275705 26.0
10.5345160212661 11.0
4.0 3.533796935437689
26.0 25.57713991290444
10.465877225034072 11.0
11.0 10.59374235158976
4.0 3.519286063521405
25.0 25.66850005413221
25.94622089143529 25.0
3.0 3.1969350711052957
10.0 10.139846032929114
25.24246879843685 25.0
10.623624704774741 10.0
11.0 10.299624909617478
25.0 25.747761232456174
25.234333706398917 26.0
25.0 25.514414338055598
1.0 0.8416676354771175
1.0 0.04734553714453682
10.827599577863811 11.0
25.140594052068952 26.0
0.46514210597817396 0.0
0.6027094828850309 1.0
0.2517198500225025 0.0
0.7872846143340408 1.0
1.0 0.3775923572542317
10.533040352528518 10.0
3.7273846992175517 3.0
25.1105344422092 26.0
0.03982327054039525 1.0
10.0 10.281365875649595
25.91560381010955 26.0
0.6598471190002344 0.0
10.247569176054357 10.0
3.311368464486611 3.0
10.83368310635422 10.0
25.0 25.31647128686651
11.0 10.77709136349298
0.0 0.3433406664908719
3.0191684945244326 4.0
10.80428109864522 11.0
25.0 25.32687821270796
26.0 25.297629107473977
10.522120193632428 11.0
3.0 3.001150931849133
0.09707999894579122 1.0
25.445663086164295 26.0
0.0 0.11530789583710643
3.0 3.812248641661632
25.20043811240484 25.0
10.0 10.156368276153819
11.0 10.287854962497018
10.65881453972583 11.0
4.0 3.190033611837058
3.632710646023684 3.0
10.0 10.904135005739288
3.087044867378446 4.0
1.0 0.4486679698188697
10.428788986864737 10.0
25.24328521115573 26.0
1.0 0.7358224287158381
3.9212556944256 3.0
10.424762997891898 11.0
0.0 0.3909943976430096
3.6476922564187126 4.0
25.06729138288415 26.0
25.0 25.704226915449087
26.0 25.01985159439978
10.0 10.606678187837069
25.540099892189883 25.0
10.574587328980938 11.0
26.0 25.451296781857142
10.020691101565667 10.0
10.0 10.162521704209242
10.332631561056886 11.0
3.2432791994133043 3.0
0.0 0.03906379352921019
3.990100652392011 4.0
3.9508601667201955 3.0
0.0 0.28031158131849665
10.095444331533118 10.0
25.56504231228543 25.0
10.0 10.915505238621616
3.0 3.467778966571628
25.0 25.41388643505775
3.6835139754722226 3.0
10.179042825776191 11.0
26.0 25.40386746572981
10.48749262468289 10.0
25.866642758188338 26.0
4.0 3.7559521539048246
25.917917884020543 26.0
26.0 25.73367901012398
10.40199737672192 10.0
26.0 25.430820060732902
25.252406087854656 26.0
25.601932682190075 26.0
1.0 0.08392814746025057
3.1510855401830318 3.0
4.0 3.441359848887528
0.9331200168480462 1.0
0.0 0.7605205304246527
10.0 10.036993429372286
3.0 3.2854128380644703
25.63677641725789 26.0
25.748948269646803 26.0
3.602636023606636 3.0
1.0 0.03773695385071285
26.0 25.25950598672892
10.272707089569844 11.0
0.9860066393847107 1.0
3.0 3.032582337513193
4.0 3.4245676235322255
3.365278290403059 3.0
0.459763367576841 1.0
11.0 10.839797943201894
26.0 25.717771451065467
10.998013505162564 10.0
25.230470282720553 25.0
3.0 3.378170473361462
3.888637180746365 4.0
0.728365476119248 0.0
25.0 25.876123800209694
25.507774125274597 26.0
3.0 3.5142977695299695
3.0 3.745686522534506
3.0 3.825683985502054
10.972376913873939 10.0
0.14760170629064517 1.0
3.664722088286742 4.0
1.0 0.6520313037122879
25.383061267476442 25.0
25.0 25.60216656428644
0.5754274766202847 1.0
26.0 25.627626460569275
1.0 0.4313671198165715
25.65496204133657 25.0
11.0 10.237529069877503
1.0 0.07299575912597
11.0 10.944859349477467
1.0 0.16524910224580114
0.9595027420004046 0.0
10.0 10.214929228314507
25.058167290109502 26.0
0.0 0.9773958572455723
25.332857327594027 25.0
0.0 0.9519803223890017
0.5269092890784561 0.0
0.10670577090482258 0.0
26.0 25.528613277764247
4.0 3.1773969687067734
3.0316391014135253 4.0
3.131077578918625 4.0
4.0 3.704419266068903
11.0 10.110849226841797
0.7864801005428328 1.0
3.5651379468187594 3.0
0.12110113608576956 0.0
1.0 0.7429721260138668
25.729544726457068 26.0
26.0 25.598900125223423
0.5571711979043852 1.0
25.854411991998962 25.0
25.6008052331656 26.0
10.0 10.365315790189584
10.730312615577464 10.0
0.218613536764088 1.0
3.0 3.1842782401829144
0.0 0.8940009371096406
10.0 10.108483851900237
26.0 25.5618043878733
0.2055506820688604 1.0
10.919019964910191 10.0
4.0 3.5493643517237325
10.620362804780239 11.0
25.0 25.45871950775549
0.388464496729803 1.0
3.547655663329362 3.0
3.7267935475089526 4.0
3.6059476519938185 4.0
3.37659695886896 3.0
0.0 0.20598233981237168
10.750855075818146 11.0
25.0 25.950204814111252
1.0 0.044466717155751456
0.940379116832627 0.0
3.3077720266816266 3.0
0.5509886651199394 1.0
10.0 10.36020254927458
3.0 3.696335919489526
25.347246131713355 25.0
1.0 0.7561826680855193
0.5380850254956117 0.0
10.0 10.96932440509018
3.7911916416474947 4.0
1.0 0.6823939017293487
0.1163343247411428 1.0
1.0 0.20754823912953935
10.975046086939324 10.0
11.0 10.760291697906299
11.0 10.98107222828127
0.7832145626453335 1.0
10.823327812586037 11.0
10.993333594413187 11.0
0.0 0.4583818317773666
10.0 10.08314710453813
0.9763216587606361 0.0
10.543779248402481 11.0
26.0 25.349393367137125
3.813194681405257 3.0
25.916473913860735 26.0
3.0 3.6272015922818697
10.0 10.641912279748825
10.0 10.508900089165643
3.0 3.071727182029157
4.0 3.0651795058564426
25.854807442582306 26.0
26.0 25.933936870624006
10.282981000432509 10.0
25.218502613512676 25.0
10.975111629553885 10.0
0.0 0.2869532358625204
10.315203503935916 11.0
26.0 25.741174994915887
3.0 3.781367839918369
10.727460937359965 11.0
1.0 0.9823200121618364
25.06501031699924 25.0
26.0 25.92427318218995
4.0 3.333365863882536
25.338675669236437 26.0
25.17887762650222 26.0
0.0 0.7846733673673798
26.0 25.51830443881533
0.0 0.9163112197391452
11.0 10.35382463736385
0.0 0.29869162379574654
0.9315404671873552 0.0
3.4041611163082206 3.0
10.704831311448588 11.0
3.255183861756241 4.0
0.07923806841999037 0.0
26.0 25.179987466647408
1.0 0.026632430996495815
10.4848161708497 11.0
25.772443947984655 25.0
10.355770594666064 11.0
0.33279303336280286 0.0
25.72346586580524 26.0
0.07557435893285691 0.0
11.0 10.887544375022882
3.0 3.903791680777361
10.399697518872369 10.0
3.9575459942728948 3.0
4.0 3.3934177619762504
10.0 10.394303359615881
3.067716595935996 3.0
10.495310066053372 11.0
1.0 0.9805144928937756
25.0 25.629483774129163
10.0 10.75153344991843
25.0 25.095789934405452
26.0 25.5654798376132
0.0 0.2093837498599107
3.803255761017284 4.0
0.0 0.09533874777496498
11.0 10.778893611502697
10.868381918527264 10.0
25.0 25.4771869759916
4.0 3.7186661830120284
25.348780907731232 26.0
3.0275549822300016 4.0
25.65405899377643 25.0
25.906689950525113 25.0
10.487749625433276 11.0
11.0 10.320088577303942
10.601543093279151 10.0
3.861614898359105 3.0
10.461541561553581 10.0
4.0 3.114054056318252
3.0 3.7857977345221334
0.0 0.49096097186236487
26.0 25.562235524549337
3.0 3.737436492241101
10.458360231891291 10.0
10.11598548441051 10.0
3.4832291891416585 3.0
4.0 3.576467707849042
25.31845386192058 26.0
1.0 0.7865319182056131
10.441949936879727 10.0
4.0 3.0798123536178594
0.6073444755519063 0.0
1.0 0.9335192928569755
0.40097200659845256 0.0
25.979418455355788 26.0
0.4926195206321734 1.0
25.0 25.19379602060675
0.0 0.5817606171507586
3.7794409389201054 4.0
0.5057132591717715 1.0
0.0 0.2908248797800753
10.6082058630797 10.0
0.0 0.18209183256936345
3.6453996431253506 4.0
0.08904613635370162 1.0
1.0 0.34198055282239803
25.0 25.51355654583094
0.8454412020003927 1.0
10.891559844144268 11.0
25.125066199985632 26.0
0.0 0.50312280570776
25.65924665458952 25.0
10.228789679290317 11.0
10.960281669032474 11.0
3.3851351601627977 4.0
3.603022684873842 3.0
10.508579558646588 11.0
26.0 25.306074356456595
10.0 10.031305966328228
26.0 25.35867914308766
10.65068264872274 10.0
0.655479627600194 1.0
25.347244260169465 25.0
10.78966092226545 10.0
10.570099594547669 10.0
10.182941074480889 11.0
3.9317269938033355 3.0
10.80149483231406 11.0
25.991418849294664 26.0
3.734729050583459 4.0
0.0 0.39863756831036834
10.0 10.512773830252126
4.0 3.399532735888271
3.3376750525519414 3.0
4.0 3.1973410272489633
0.7029326635314503 0.0
3.9545268112932366 3.0
26.0 25.451334472574743
1.0 0.6305422032056545
25.78697085092324 26.0
11.0 10.064081419436894
11.0 10.661196757817534
3.726219814968072 3.0
3.729185223531155 3.0
0.0 0.824986843101956
0.8655691975683835 0.0
25.679249115971107 25.0
10.0 10.690323186188133
10.284725911470767 11.0
11.0 10.821929331750507
11.0 10.600552723915332
0.5834963704749192 1.0
10.208354284236826 10.0
1.0 0.9026399965820302
26.0 25.192807153176048
25.0 25.26560963351136
26.0 25.07425596657269
25.0 25.779001161216087
3.0 3.6785835176920862
3.132876951796601 4.0
4.0 3.0321969926756442
3.4413749733999603 3.0
10.437973979254242 11.0
3.469338756787304 4.0
0.0 0.24830215335915418
0.7535731813919524 1.0
10.734468142428836 11.0
25.40727072676957 25.0
0.3945192011635891 0.0
