3.0 3.352098312080968
0.0 0.02762901774174642
10.0 10.388497747598551
3.502255923559825 4.0
11.0 10.653391396636408
3.932836620009933 4.0
3.208113622819967 4.0
11.0 10.636648212397658
3.4161391427161893 3.0
11.0 10.462889480192137
3.9206343185178936 3.0
10.0 10.493524641246305
10.0 10.267574198133874
0.3499316029096847 0.0
11.0 10.285995079493812
10.0 10.33446400097974
1.0 0.1282140735948376
10.0 10.41505593648503
3.5128124247298507 3.0
11.0 10.516506177403416
0.6294622272890791 1.0
10.751873559977291 10.0
10.763186651661952 11.0
3.0 3.835922158180196
0.990457193795982 0.0
0.7348017739698341 0.0
0.9297022926954145 1.0
3.2754495218308044 3.0
0.6443136285687429 1.0
3.0 3.9420931916287967
11.0 10.00883465522443
3.935733788773736 3.0
10.408217118332157 10.0
1.0 0.5987384782028444
0.7729387871429421 0.0
11.0 10.216828276167393
10.57239026710416 10.0
4.0 3.4497478366822567
11.0 10.52965120961068
3.9711948389866216 3.0
4.0 3.209158380975479
0.531485004955096 0.0
3.292049242303129 3.0
4.0 3.515820279023247
10.448429146865903 10.0
4.0 3.768054886300984
10.507128163792913 11.0
3.089012011003268 3.0
4.0 3.148455538874389
1.0 0.7882940119477028
10.0 10.032557616796138
11.0 10.305799004939852
0.3721869446350018 0.0
10.975778337513702 10.0
0.46323055430188553 0.0
1.0 0.7078856484752967
1.0 0.5796378710839266
4.0 3.262671280762482
4.0 3.976138097847585
10.463587542561017 10.0
0.03221391008114727 0.0
11.0 10.17178688806339
3.886106228016714 3.0
0.0 0.16647314777098887
3.6240785724523135 4.0
0.0 0.7569828033342975
0.0 0.8275793027905866
10.0 10.520989408820485
3.0 3.8661205737012665
10.0 10.51960552717319
3.38563792144112 4.0
3.9005579152911394 4.0
0.32443443561434737 1.0
0.8320041417463834 1.0
3.0 3.071209935512943
3.0 3.104814736296388
10.434795478993179 11.0
0.0 0.7981752231740544
3.112864965451279 4.0
3.0 3.9199770424327913
4.0 3.0488710649389974
11.0 10.814080401198687
0.0 0.4442745618248928
0.9803468383711904 1.0
0.3501486421775827 0.0
0.5710585420178994 1.0
3.0 3.9872983367770956
0.7729570763908964 0.0
0.77229289603163 0.0
4.0 3.19697857200017
3.3733931647403366 4.0
4.0 3.724141241330412
0.5895116034188758 1.0
4.0 3.496682473263835
10.910369874951503 10.0
4.0 3.1052587441400763
0.24959320283683806 1.0
0.0 0.24207433277539436
3.0 3.8059476117684694
0.2601815304450036 1.0
0.977803736706619 0.0
3.331939684735644 3.0
3.907453407318423 3.0
0.0 0.9969615171987746
10.0 10.151760425822589
0.5463105152566186 0.0
3.0 3.001236501021241
4.0 3.838772377649537
0.8395053059392716 1.0
10.944968900429059 10.0
0.0 0.7493563559520225
0.9464224890555372 0.0
3.2636178279829706 4.0
0.08643568090448206 0.0
1.0 0.2497081620265017
4.0 3.370913514653725
10.942510509955623 11.0
1.0 0.3864921985891506
3.77906477672846 3.0
3.0686801303440174 3.0
3.0 3.533903262818801
10.926418105103949 10.0
1.0 0.7574396066483803
10.794794267392033 10.0
11.0 10.149695616828646
0.3099298970509259 0.0
4.0 3.577281154345796
11.0 10.018678513134892
10.188809238012404 10.0
3.3335607757768737 3.0
3.0 3.553141435398005
3.4638935241650066 3.0
10.0 10.713341496088336
3.8894382643985566 4.0
10.417678936071637 11.0
0.6261268543746142 1.0
3.2012258175569683 3.0
0.0 0.598463824712038
3.7304044857887506 3.0
1.0 0.30255098468419706
0.0 0.6057632669834926
11.0 10.475752459627781
10.084919095852133 11.0
0.0 0.6070255850623125
0.4807585284875986 1.0
10.0 10.441063959022458
10.0 10.219946627857478
3.998303488507177 4.0
1.0 0.3008841437145
1.0 0.5385176712205623
0.0 0.4389058652385375
11.0 10.562419816795364
11.0 10.230284689687926
4.0 3.06754891143314
0.7605617553486993 0.0
3.786588098904926 4.0
0.33081716276224893 1.0
3.9181774312583553 4.0
0.48836105937698704 0.0
10.988883001414573 11.0
10.649691635520774 11.0
0.25528740865352584 0.0
4.0 3.5928397427850145
10.121284123551169 10.0
0.08803499923648772 0.0
0.23173206233625276 0.0
0.0 0.25350379199465123
10.0 10.711467145681826
3.0 3.336987482891823
0.26780302308812065 1.0
3.6299493060588226 4.0
11.0 10.867190779757188
4.0 3.1646421149000066
10.0 10.13803118970504
11.0 10.91223603905485
10.0 10.902174654010837
10.0 10.739412672974872
10.0 10.079629520031935
11.0 10.079779768641732
11.0 10.53849697108081
4.0 3.9726287870923085
1.0 0.7240623881903476
11.0 10.659618584952637
10.551761629346682 10.0
1.0 0.4871541766631078
11.0 10.411531759651874
3.0 3.0080120327506266
10.706266581662385 11.0
11.0 10.523686653247669
10.698584480265941 11.0
1.0 0.8288204931195361
11.0 10.896487138843